run,treatment,layer,diameter,sample_weight,comment,n15_raw,c13_raw,mg_n_in_sample,mg_c_in_sample,n_pct,c_pct,cn_ratio,d15nkorr,d13ckorr,natabun_15n_atm_pct,atom_pct_15n,ape_pct_15n,n_mg_pr_gdw,n15_ug_pr_gdw,n15_ug_pr_gn,natabun_13c_atm_pct,atom_pct_13c,ape_pct_13c,c_mg_pr_gdw,c13_ug_pr_gdw,c13_ug_pr_gc,tt,pipe_nr,pipe_diameter,veg,wet,cut,beriget
1,BCD,top,fine,4.18,,0.2,-27.27066817,0.045737998,1.67277398,1.094210474,40.01851627,36.57296033,0.2,-28.88029011,0.366,0.367752066,0.001752066,10.94210474,0.191712856,17.52065628,1.08,1.079467558,-5.32442e-4,400.1851627,-2.13075266,-5.324416943,D,12,17,B,D,C,FALSE
1,BCD,top,coarse,5.109,,2.9,-26.10650109,0.072690186,1.916782511,1.42278697,37.51776299,26.3692062,2.9,-27.71612303,0.366,0.368737289,0.002737289,14.2278697,0.389457953,27.37289283,1.08,1.080747626,7.47626e-4,375.1776299,2.804925826,7.47626085,D,12,17,B,D,C,FALSE
1,BCD,middle,fine,5.155,,-0.18,-26.15024355,0.085127052,1.904726929,1.651349219,36.94911599,22.37510732,-0.18,-27.75986549,0.366,0.367613403,0.001613403,16.51349219,0.266429171,16.13402957,1.08,1.080699529,6.99529e-4,369.4911599,2.584699179,6.995293688,D,12,17,B,D,C,FALSE
1,BCD,middle,coarse,4.683,,2.86,-25.92274515,0.053608318,1.79155504,1.144743079,38.25656715,33.41934783,2.86,-27.53236709,0.366,0.368722694,0.002722694,11.44743079,0.311678456,27.22693519,1.08,1.0809496730000001,9.49673e-4,382.5656715,3.633123439,9.496731435,D,12,17,B,D,C,FALSE
1,BCD,bottom,fine,4.696,,-2.333297332,-25.388979,0.063417613,1.653958973,1.350460239,35.22059143,26.0804357,1.572995761,-26.99860094,0.366,0.366827654,8.27654e-4,13.50460239,0.111771337,8.276536675,1.08,1.081536566,0.001536566,352.2059143,5.411875784,15.36565845,D,12,17,B,D,C,FALSE
1,BCD,bottom,coarse,4.723,,-1.38769489,-25.31031884,0.060308698,1.7911779,1.276915056,37.92457972,29.70015864,2.518598203,-26.91994078,0.366,0.36717271,0.00117271,12.76915056,0.149745156,11.72710396,1.08,1.0816230550000001,0.001623055,379.2457972,6.155366274,16.23054578,D,12,17,B,D,C,FALSE
1,BCW,top,fine,4.793,,-5.45518786,-26.89585389,0.074585018,1.758749586,1.556123899,36.69412865,23.58046726,-1.548894767,-28.50547583,0.366,0.365688438,-3.11562e-4,15.56123899,-0.048482951,-3.115622797,1.08,1.079879691,-1.20309e-4,366.9412865,-0.441461591,-1.203085091,C,10,17,B,W,C,FALSE
1,BCW,top,coarse,5.073,,-5.798551854,-24.75499231,0.09651611,1.86985268,1.902545036,36.85891346,19.37347751,-1.892258761,-26.36461425,0.366,0.365563138,-4.36862e-4,19.02545036,-0.083114883,-4.368615808,1.08,1.082233645,0.002233645,368.5891346,8.2329733,22.33645143,C,10,17,B,W,C,FALSE
1,BCW,middle,fine,4.155,,-7.51517456,-26.18624847,0.053362932,1.461932668,1.284306436,35.18490176,27.3960332,-3.608881466,-27.79587041,0.366,0.364936709,-0.001063291,12.84306436,-0.136559126,-10.63290829,1.08,1.08065994,6.5994e-4,351.8490176,2.321993722,6.599403739,C,10,17,B,W,C,FALSE
1,BCW,middle,coarse,4.887,,-5.381413389,-25.09955523,0.066371961,1.769198828,1.358133033,36.20214504,26.6558166,-1.475120296,-26.70917717,0.366,0.365715359,-2.84641e-4,13.58133033,-0.038658004,-2.846407742,1.08,1.081854793,0.001854793,362.0214504,6.714750268,18.54793483,C,10,17,B,W,C,FALSE
1,BCW,bottom,fine,4.338,,-4.518629141,-26.1197089,0.059738741,1.644269689,1.377103289,37.90386558,27.52434467,-0.612336048,-27.72933084,0.366,0.366030202,3.02022e-5,13.77103289,0.004159149,0.302021602,1.08,1.0807331040000001,7.33104e-4,379.0386558,2.778745755,7.331035271,C,10,17,B,W,C,FALSE
1,BCW,bottom,coarse,4.697,,-4.662370895,-24.76051738,0.057190496,1.745653166,1.217596242,37.16527924,30.52348386,-0.756077801,-26.37013932,0.366,0.365977749,-2.22512e-5,12.17596242,-0.002709301,-0.22251227,1.08,1.08222757,0.00222757,371.6527924,8.278827109,22.27570269,C,10,17,B,W,C,FALSE
1,BUD,top,fine,4.084,,-6.479474055,-26.32540799,0.051440905,1.516378419,1.259571611,37.12973603,29.47806676,-2.573180962,-27.93502993,0.366,0.365314658,-6.85342e-4,12.59571611,-0.086323794,-6.853424866,1.08,1.080506928,5.06928e-4,371.2973603,1.88221047,5.069280504,H,11,17,B,D,U,FALSE
1,BUD,top,coarse,4.183,,-0.070057823,-23.49128612,0.054967686,1.573479382,1.314073286,37.61605025,28.62553454,3.83623527,-25.10090806,0.366,0.367653521,0.001653521,13.14073286,0.217284789,16.53521091,1.08,1.083623083,0.003623083,376.1605025,13.6286056,36.2308257,H,11,17,B,D,U,FALSE
1,BUD,middle,fine,4.996,,-4.298792135,-25.52411717,0.065073296,1.797224181,1.302507923,35.97326223,27.61845943,-0.392499042,-27.13373911,0.366,0.366110424,1.10424e-4,13.02507923,0.01438277,1.104236686,1.08,1.081387978,0.001387978,359.7326223,4.993009036,13.87977827,H,11,17,B,D,U,FALSE
1,BUD,middle,coarse,4.527,,-5.177655641,-24.99916282,0.053082588,1.712769598,1.172577611,37.83453938,32.26612808,-1.271362548,-26.60878476,0.366,0.365789714,-2.10286e-4,11.72577611,-0.024657704,-2.102863313,1.08,1.081965177,0.001965177,378.3453938,7.435155202,19.65176615,H,11,17,B,D,U,FALSE
1,BUD,bottom,fine,4.249,,-6.297302211,-25.43651528,0.047930521,1.568161065,1.128042392,36.90659131,32.71737973,-2.391009118,-27.04613722,0.366,0.365381135,-6.18865e-4,11.28042392,-0.069810544,-6.188645433,1.08,1.081484298,0.001484298,369.0659131,5.478039753,14.84298484,H,11,17,B,D,U,FALSE
1,BUD,bottom,coarse,4.671,,-5.470774534,-25.00828419,0.03137896,1.750932149,0.671782489,37.48516696,55.79955949,-1.564481441,-26.61790613,0.366,0.36568275,-3.1725e-4,6.71782489,-0.021312307,-3.172501124,1.08,1.081955148,0.001955148,374.8516696,7.328903138,19.55147524,H,11,17,B,D,U,FALSE
1,BUW,top,fine,4.54,,-5.107071452,-26.64598104,0.066418517,1.774447895,1.462962926,39.08475539,26.71616259,-1.200778358,-28.25560298,0.366,0.365815471,-1.84529e-4,14.62962926,-0.026995918,-1.845290638,1.08,1.080154441,1.54441e-4,390.8475539,0.603630362,1.544413815,B,9,17,B,W,U,FALSE
1,BUW,top,coarse,4.159,,-4.517742646,-24.10691955,0.070483906,1.606230404,1.694732045,38.62059159,22.78861234,-0.611449553,-25.71654149,0.366,0.366030526,3.05257e-5,16.94732045,0.00517328,0.305256545,1.08,1.082946202,0.002946202,386.2059159,11.37840701,29.46202153,B,9,17,B,W,U,FALSE
1,BUW,middle,fine,5.031,,-7.294436126,-25.46517678,0.056699668,1.767569913,1.127005931,35.13357012,31.17425485,-3.388143033,-27.07479872,0.366,0.365017261,-9.82739e-4,11.27005931,-0.110755224,-9.827386098,1.08,1.081452784,0.001452784,351.3357012,5.104150304,14.52784413,B,9,17,B,W,U,FALSE
1,BUW,middle,coarse,4.867,,-4.615052242,-25.34190804,0.061778888,1.835786724,1.269342266,37.71906153,29.7154381,-0.708759149,-26.95152998,0.366,0.365995016,-4.98398e-6,12.69342266,-6.32638e-4,-0.04983979,1.08,1.081588322,0.001588322,377.1906153,5.990999689,15.88321514,B,9,17,B,W,U,FALSE
1,BUW,bottom,fine,4.306,,-7.097691402,-26.65459324,0.050518635,1.556273347,1.173214929,36.14197275,30.8059264,-3.191398309,-28.26421518,0.366,0.365089058,-9.10942e-4,11.73214929,-0.106873113,-9.109423229,1.08,1.080144972,1.44972e-4,361.4197275,0.523956643,1.449717884,B,9,17,B,W,U,FALSE
1,BUW,bottom,coarse,5.031,,-5.221668196,-24.841573,0.04612271,1.827585084,0.916770231,36.32647752,39.62440782,-1.315375103,-26.45119494,0.366,0.365773653,-2.26347e-4,9.167702313,-0.020750838,-2.263472034,1.08,1.082138449,0.002138449,363.2647752,7.768231087,21.38448762,B,9,17,B,W,U,FALSE
1,SCD,top,fine,4.093,,-2.211442928,-29.65776801,0.049552554,1.934078772,1.210665862,47.25332938,39.03085969,-2.169296132,-29.80640658,0.366,0.365462043,-5.37957e-4,12.10665862,-0.065128667,-5.379574109,1.08,1.078449217,-0.001550783,472.5332938,-7.327965885,-15.50782978,F,16,17,S,D,C,FALSE
1,SCD,top,coarse,4.289,,-5.407928467,-30.23992915,0.038572946,2.072469247,0.899345903,48.32056998,53.72857073,-5.365781672,-30.38856772,0.366,0.364295574,-0.001704426,8.993459034,-0.153286879,-17.04426282,1.08,1.077809072,-0.002190928,483.2056998,-10.58668798,-21.90927795,F,16,17,S,D,C,FALSE
1,SCD,middle,fine,4.186,,1.123172641,-28.85158568,0.062102469,1.73274139,1.48357546,41.39372647,27.90132865,1.165319436,-29.00022424,0.366,0.366678889,6.78889e-4,14.8357546,0.100718318,6.788890809,1.08,1.079335682,-6.64318e-4,413.9372647,-2.749859617,-6.643179658,F,16,17,S,D,C,FALSE
1,SCD,middle,coarse,4.463,,-0.346716538,-28.26100259,0.041266441,2.00041514,0.924634583,44.82220794,48.47559107,-0.304569742,-28.40964116,0.366,0.36614251,1.4251e-4,9.246345832,0.013176988,1.425102276,1.08,1.079985068,-1.49325e-5,448.2220794,-0.066930642,-0.149324733,F,16,17,S,D,C,FALSE
1,SCD,bottom,fine,4.142,,-0.686810379,-28.77604902,0.060233248,1.764483229,1.454206852,42.59978823,29.29417379,-0.644663584,-28.92468759,0.366,0.366018405,1.8405400000000002e-05,14.54206852,0.002676525,0.184053926,1.08,1.07941874,-5.8126e-4,425.9978823,-2.476154876,-5.812599026,F,16,17,S,D,C,FALSE
1,SCD,bottom,coarse,4.045,,0.487010289,-26.43879801,0.039676512,1.75079582,0.980877925,43.28296217,44.12675736,0.529157085,-26.58743658,0.366,0.366446747,4.46747e-4,9.808779245,0.043820436,4.467470966,1.08,1.081988649,0.001988649,432.8296217,8.607463114,19.8864927,F,16,17,S,D,C,FALSE
1,SCW,top,fine,4.767,,-2.127908865,-29.16915234,0.067778372,2.153956195,1.421824459,45.18473242,31.77940297,-2.085762069,-29.31779091,0.366,0.365492526,-5.07474e-4,14.21824459,-0.072153942,-5.074743343,1.08,1.078986493,-0.001013507,451.8473242,-4.579505254,-10.1350722,A,14,17,S,W,C,FALSE
1,SCW,top,coarse,4.903,,-3.272072263,-29.43550681,0.065440396,2.238967708,1.334701128,45.66526021,34.21384703,-3.229925467,-29.58414538,0.366,0.365074998,-9.25002e-4,13.34701128,-0.123460079,-9.250016849,1.08,1.078693613,-0.001306387,456.6526021,-5.965648308,-13.06386579,A,14,17,S,W,C,FALSE
1,SCW,middle,fine,4.352,,-0.615826044,-28.76327538,0.06846649,1.927462826,1.573218976,44.28912745,28.15191535,-0.573679249,-28.91191395,0.366,0.366044309,4.43086e-5,15.73218976,0.006970707,0.443085606,1.08,1.079432786,-5.67214e-4,442.8912745,-2.512142944,-5.672143681,A,14,17,S,W,C,FALSE
1,SCW,middle,coarse,4.88,,-1.608350932,-29.03486,0.067591679,2.213779252,1.385075399,45.36432894,32.7522451,-1.566204136,-29.18349857,0.366,0.365682121,-3.17879e-4,13.85075399,-0.044028604,-3.178787523,1.08,1.079134158,-8.65842e-4,453.6432894,-3.927834332,-8.658420446,A,14,17,S,W,C,FALSE
1,SCW,bottom,fine,4.493,,2.59378591,-28.54726271,0.062658801,1.855848083,1.394587151,41.30532124,29.61831479,2.635932705,-28.69590128,0.366,0.367215526,0.001215526,13.94587151,0.169515748,12.15526383,1.08,1.079670306,-3.29694e-4,413.0532124,-1.361809624,-3.296935075,A,14,17,S,W,C,FALSE
1,SCW,bottom,coarse,4.284,,3.749538565,-26.83403817,0.046349657,1.8685828,1.081924776,43.61771241,40.3149215,3.79168536,-26.98267674,0.366,0.367637265,0.001637265,10.81924776,0.177139729,16.37264739,1.08,1.081554075,0.001554075,436.1771241,6.77851918,15.54074894,A,14,17,S,W,C,FALSE
1,SUD,top,fine,5.167,,-0.657871406,-30.40816596,0.072073325,2.259042352,1.394877596,43.72057969,31.34366759,-0.615724611,-30.55680453,0.366,0.366028966,2.89656e-5,13.94877596,0.00404035,0.289656266,1.08,1.077624077,-0.002375923,437.2057969,-10.38767163,-23.75922667,G,15,17,S,D,U,FALSE
1,SUD,top,coarse,4.292,,-3.645161002,-30.43072804,0.048347785,2.014107617,1.126462829,46.92701811,41.65873645,-3.603014206,-30.57936661,0.366,0.36493885,-0.00106115,11.26462829,-0.119534574,-10.61149737,1.08,1.077599268,-0.002400732,469.2701811,-11.26592035,-24.00732202,G,15,17,S,D,U,FALSE
1,SUD,middle,fine,4.325,,-1.298823707,-29.42309649,0.062962951,1.841401055,1.45579078,42.57574693,29.24578691,-1.256676912,-29.57173506,0.366,0.365795073,-2.04927e-4,14.5579078,-0.029833129,-2.049273135,1.08,1.07870726,-0.00129274,425.7574693,-5.503938565,-12.92740342,G,15,17,S,D,U,FALSE
1,SUD,middle,coarse,5.002,,-2.583447293,-30.03319956,0.057395399,2.245468507,1.147448997,44.89141357,39.12279648,-2.541300498,-30.18183813,0.366,0.365326291,-6.73709e-4,11.47448997,-0.077304637,-6.737086972,1.08,1.078036393,-0.001963607,448.9141357,-8.814908655,-19.63606836,G,15,17,S,D,U,FALSE
1,SUD,bottom,fine,4.428,,-1.210964416,-29.34538327,0.061462209,1.650713079,1.388035431,37.27897648,26.85736665,-1.168817621,-29.49402184,0.366,0.365827134,-1.72866e-4,13.88035431,-0.023994427,-1.728660985,1.08,1.078792712,-0.001207288,372.7897648,-4.500645713,-12.07287897,G,15,17,S,D,U,FALSE
1,SUW,top,fine,4.542,,-0.712111963,-30.12531645,0.052144673,1.69994961,1.148055336,37.4273362,32.60063783,-0.66996516800000006,-30.27395501,0.366,0.366009172,9.17249e-6,11.48055336,0.001053053,0.091724906,1.08,1.077935101,-0.002064899,374.273362,-7.728366642,-20.64898928,E,13,17,S,W,U,FALSE
1,SUW,top,coarse,4.824,,-0.866279014,-29.92243139,0.056022254,2.175420202,1.161323681,45.09577532,38.83135777,-0.824132219,-30.07106996,0.366,0.365952915,-4.70853e-5,11.61323681,-0.005468123,-0.470852602,1.08,1.078158194,-0.001841806,450.9577532,-8.305766936,-18.41805995,E,13,17,S,W,U,FALSE
1,SUW,middle,fine,4.486,,0.13517652,-29.25341321,0.063559823,1.972615215,1.416848491,43.97269761,31.03556794,0.177323315,-29.40205177,0.366,0.366318359,3.18359e-4,14.16848491,0.045106644,3.183589818,1.08,1.078893841,-0.001106159,439.7269761,-4.864079568,-11.06159011,E,13,17,S,W,U,FALSE
1,SUW,middle,coarse,4.758,,3.683260289,-28.0339881,0.058633634,2.05006015,1.232316812,43.08659415,34.96389381,3.725407084,-28.18262667,0.366,0.36761308,0.00161308,12.32316812,0.198782517,16.13079651,1.08,1.080234683,2.34683e-4,430.8659415,1.011168382,2.346828294,E,13,17,S,W,U,FALSE
1,SUW,bottom,fine,4.172,,0.72611367,-28.57027328,0.057307822,1.758261348,1.373629472,42.14432761,30.6810013,0.768260466,-28.71891185,0.366,0.366533998,5.33998e-4,13.73629472,0.073351598,5.33998431,1.08,1.079645005,-3.54995e-4,421.4432761,-1.496103217,-3.549951564,E,13,17,S,W,U,FALSE
1,SUW,bottom,coarse,4.289,,4.409695775,-26.81640976,0.037269902,1.825969815,0.868964831,42.57332281,48.99314826,4.45184257,-26.96504833,0.366,0.367878157,0.001878157,8.689648313,0.16320523,18.78156908,1.08,1.081573458,0.001573458,425.7332281,6.698732508,15.73457758,E,13,17,S,W,U,FALSE
2,BCD,middle,fine,4.285,,96.83767703,-26.73177656,0.063674427,1.619553309,1.485984302,37.79587652,25.43490969,96.87982383,-26.88041513,0.366,0.401593745,0.035593745,14.85984302,5.289174625,355.9374496,1.08,1.081666514,0.001666514,377.9587652,6.298735459,16.66513927,B,19,17,B,D,C,TRUE
2,BCD,middle,coarse,4.411,,14.73853806,-26.62994711,0.060509063,1.895258976,1.37177654,42.966651,31.32190247,14.78068486,-26.77858568,0.366,0.371647012,0.005647012,13.7177654,0.774643905,56.47012343,1.08,1.081778478,0.001778478,429.66651,7.641522319,17.78477526,B,19,17,B,D,C,TRUE
2,BCD,bottom,fine,4.385,,72.52360638,-26.86329635,0.06527728,1.816316184,1.488649488,41.42112163,27.82463028,72.56575318,-27.01193492,0.366,0.392726747,0.026726747,14.88649488,3.978675797,267.2674682,1.08,1.081521905,0.001521905,414.2112163,6.303900387,15.21904801,B,19,17,B,D,C,TRUE
2,BCD,bottom,coarse,4.327,,4.031262321,-27.04655997,0.038394408,1.894218221,0.887321658,43.77670952,49.33578382,4.073409117,-27.19519853,0.366,0.367740066,0.001740066,8.873216584,0.154399845,17.40066223,1.08,1.081320401,0.001320401,437.76709520000003,5.780282863,13.20401402,B,19,17,B,D,C,TRUE
2,BCW,top,fine,4.552,,230.3522829,-25.3563932,0.081274798,1.98435004,1.785474469,43.59292706,24.41531807,230.3944297,-25.50503177,0.366,0.450256514,0.084256514,17.85474469,15.0437854,842.5651369,1.08,1.083178755,0.003178755,435.9292706,13.85712438,31.78755205,C,17,17,B,W,C,TRUE
2,BCW,top,coarse,4.467,,295.8515014,-25.00149624,0.072645704,1.980611336,1.626274996,44.33873598,27.26398432,295.8936482,-25.15013481,0.366,0.474111975,0.108111975,16.26274996,17.58198024,1081.119755,1.08,1.083568959,0.003568959,443.3873598,15.82431215,35.68958789,C,17,17,B,W,C,TRUE
2,BCW,middle,fine,4.376,,79.89559133,-28.00728842,0.066189013,1.875305814,1.512546009,42.85433761,28.3325845,79.93773812,-28.15592699,0.366,0.395415372,0.029415372,15.12546009,4.449210408,294.1537237,1.08,1.080264041,2.64041e-4,428.5433761,1.131528353,2.640405654,C,17,17,B,W,C,TRUE
2,BCW,middle,coarse,4.847,,277.0793858,-25.64887306,0.054674097,1.962437483,1.127998703,40.48767244,35.8933679,277.1215326,-25.79751163,0.366,0.467276155,0.101276155,11.27998703,11.42393711,1012.761546,1.08,1.082857176,0.002857176,404.8767244,11.56804029,28.57175923,C,17,17,B,W,C,TRUE
2,BCW,bottom,fine,4.084,,8.964357954,-27.52021887,0.043337045,1.752013967,1.061142144,42.89946051,40.42762862,9.006504749,-27.66885744,0.366,0.369540127,0.003540127,10.61142144,0.375657789,35.40126937,1.08,1.080799597,7.99597e-4,428.9946051,3.430226211,7.995965847,C,17,17,B,W,C,TRUE
2,BCW,bottom,coarse,4.75,,6.885477145,-26.8112542,0.041832461,2.000167741,0.880683391,42.10879455,47.81377164,6.92762394,-26.95989277,0.366,0.368781562,0.002781562,8.806833912,0.24496756,27.81562167,1.08,1.081579126,0.001579126,421.0879455,6.649511038,15.79126429,C,17,17,B,W,C,TRUE
2,BUD,top,fine,4.389,,686.9220686,-27.27504408,0.051207138,1.925484268,1.166715386,43.87068279,37.60187216,686.9642154,-27.42368265,0.366,0.616306158,0.250306158,11.66715386,29.2036046,2503.061582,1.08,1.081069176,0.001069176,438.7068279,4.69054669,10.69175675,A,20,17,B,D,U,TRUE
2,BUD,top,coarse,4.115,,261.5503155,-24.71904942,0.046812794,1.828692155,1.137613459,44.43966356,39.06393971,261.5924622,-24.86768799,0.366,0.461620571,0.095620571,11.37613459,10.87792487,956.2057115,1.08,1.083879502,0.003879502,444.3966356,17.24037809,38.79502388,A,20,17,B,D,U,TRUE
2,BUD,middle,fine,4.431,du er lidt usikker på om den blev lagt korrekt,479.8399051,-23.10726227,0.065827699,1.876125303,1.485617213,42.34090055,28.50054522,479.8820519,-23.25590084,0.366,0.541061244,0.175061244,14.85617213,26.00739974,1750.61244,1.08,1.085651587,0.005651587,423.4090055,23.92932802,56.51586932,A,20,17,B,D,U,TRUE
2,BUD,middle,coarse,4.562,du er lidt usikker på om den blev lagt korrekt,438.3727148,-22.75836792,0.039872257,1.797127076,0.87400827,39.39340368,45.07211776,438.4148616,-22.90700649,0.366,0.525980124,0.159980124,8.740082702,13.98239512,1599.801238,1.08,1.086035172,0.006035172,393.9340368,23.77459508,60.35171593,A,20,17,B,D,U,TRUE
2,BUD,bottom,fine,4.93,du er lidt usikker på om den blev lagt korrekt,3.362488358,-27.8860633,0.066596384,1.89904076,1.350839428,38.52009656,28.51567385,3.404635153,-28.03470187,0.366,0.367496029,0.001496029,13.50839428,0.20208951,14.96029105,1.08,1.080397334,3.97334e-4,385.2009656,1.530533859,3.973338584,A,20,17,B,D,U,TRUE
2,BUD,bottom,coarse,4.789,,5.155036076,-26.87607459,0.037460744,1.977917822,0.782224758,41.30127004,52.7997479,5.197182871,-27.02471316,0.366,0.368150131,0.002150131,7.822247585,0.168188577,21.50131091,1.08,1.081507855,0.001507855,413.01270040000003,6.227631832,15.07854801,A,20,17,B,D,U,TRUE
2,BUW,top,fine,4.409,,713.8767584,-26.66637509,0.079499202,1.938873118,1.803111864,43.97534857,24.38858589,713.9189052,-26.81501366,0.366,0.626091981,0.26009198100000003,18.03111864,46.89749367,2600.91981,1.08,1.081738424,0.001738424,439.7534857,7.644781162,17.38424233,G,18,17,B,W,U,TRUE
2,BUW,top,coarse,4.959,,41.32982056,-25.85124752,0.127512657,2.067517622,2.571338115,41.69222872,16.21421488,41.37196735,-25.99988609,0.366,0.381348501,0.015348501,25.71338115,3.946618653,153.4850135,1.08,1.082634666,0.002634666,416.9222872,10.98450801,26.34665584,G,18,17,B,W,U,TRUE
2,BUW,middle,fine,4.338,,250.7463149,-24.804711,0.066273288,1.645746883,1.527738303,37.937918,24.8327334,250.7884617,-24.95334957,0.366,0.457685447,0.091685447,15.27738303,14.00713698,916.8544735,1.08,1.08378532,0.00378532,379.37918,14.36071487,37.85319709,G,18,17,B,W,U,TRUE
2,BUW,middle,coarse,4.637,,163.6653441,-25.90399559,0.047244799,1.927591436,1.01886562,41.5697959,40.80007716,163.7074909,-26.05263416,0.366,0.425956721,0.059956721,10.1886562,6.10878415,599.567208,1.08,1.082576669,0.002576669,415.697959,10.71116053,25.76669021,G,18,17,B,W,U,TRUE
2,BUW,bottom,fine,4.388,,0.62639398,-27.15961334,0.059464678,1.810436892,1.355165864,41.25881705,30.44558466,0.668540775,-27.30825191,0.366,0.36649761,4.9761e-4,13.55165864,0.067434366,4.976096875,1.08,1.081196096,0.001196096,412.5881705,4.934949318,11.96095688,G,18,17,B,W,U,TRUE
2,BUW,bottom,coarse,4.5,,1.469867163,-27.09605899,0.03922078,1.886348016,0.871572891,41.91884481,48.09562716,1.512013958,-27.24469756,0.366,0.366805401,8.05401e-4,8.715728909,0.07019656,8.054009129,1.08,1.081265976,0.001265976,419.1884481,5.306823974,12.6597572,G,18,17,B,W,U,TRUE
2,SCD,top,fine,4.402,,440.3225277,-25.89809797,0.067637267,2.066527076,1.536512201,46.94518573,30.55308361,440.3646745,-26.04673654,0.366,0.52668935,0.16068935,15.36512201,24.69011465,1606.893498,1.08,1.082583153,0.002583153,469.4518573,12.12666193,25.83153467,D,22,17,S,D,C,TRUE
2,SCD,top,coarse,5.033,,271.265319,-27.41556836,0.060839105,2.256797388,1.208803999,44.84000374,37.09451967,271.3074658,-27.56420693,0.366,0.465158786,0.099158786,12.08803999,11.98635367,991.5878566,1.08,1.080914664,9.14664e-4,448.4000374,4.101353786,9.146640153,D,22,17,S,D,C,TRUE
2,SCD,middle,fine,5.02,,278.7540429,-26.78605114,0.086876092,2.208642,1.730599442,43.99685258,25.4228977,278.7961897,-26.93468971,0.366,0.467886015,0.101886015,17.30599442,17.63238809,1018.860151,1.08,1.081606838,0.001606838,439.9685258,7.069580516,16.06837785,D,22,17,S,D,C,TRUE
2,SCD,middle,coarse,4.608,,212.2261745,-25.88629545,0.06641141,2.021733432,1.441219839,43.87442344,30.44256141,212.2683213,-26.03493401,0.366,0.443652786,0.077652786,14.41219839,11.19147353,776.5278572,1.08,1.08259613,0.00259613,438.7442344,11.39037226,25.96130358,D,22,17,S,D,C,TRUE
2,SCD,bottom,fine,4.07,,1.244682019,-27.59314914,0.052623363,1.737373074,1.292957314,42.68729913,33.01524241,1.286828815,-27.74178771,0.366,0.366723229,7.23229e-4,12.92957314,0.093510415,7.232289415,1.08,1.080719407,7.19407e-4,426.8729913,3.070952749,7.194066648,D,22,17,S,D,C,TRUE
2,SCD,bottom,coarse,4.68,,2.126548249,-26.56569762,0.068340085,1.96987862,1.460258224,42.0914235,28.82464404,2.168695045,-26.71433619,0.366,0.367045029,0.001045029,14.60258224,0.152601167,10.45028645,1.08,1.081849121,0.001849121,420.914235,7.783213716,18.49121049,D,22,17,S,D,C,TRUE
2,SCW,top,fine,4.653,,221.2119605,-27.2609059,0.07943776,2.069644906,1.707237484,44.47979596,26.05366645,221.2541073,-27.40954446,0.366,0.446926609,0.080926609,17.07237484,13.81609399,809.2660876,1.08,1.081084721,0.001084721,444.7979596,4.82481734,10.84721105,E,21,17,S,W,C,TRUE
2,SCW,top,coarse,4.792,,65.13174684,-28.98215843,0.064265867,2.179477895,1.341107411,45.48159213,33.91345969,65.17389364,-29.130797,0.366,0.390030727,0.024030727,13.41107411,3.222778619,240.3072709,1.08,1.079192107,-8.07893e-4,454.8159213,-3.674424052,-8.078925738,E,21,17,S,W,C,TRUE
2,SCW,middle,fine,5.015,,622.7652083,-22.60801118,0.079007698,1.959811759,1.575427686,39.07899818,24.80532653,622.8073551,-22.75664975,0.366,0.593006439,0.227006439,15.75427686,35.76322297,2270.064395,1.08,1.086200477,0.006200477,390.7899818,24.23084401,62.00477273,E,21,17,S,W,C,TRUE
2,SCW,middle,coarse,4.81,,290.7034815,-24.35293695,0.08410032,2.102388536,1.748447399,43.70870138,24.99857954,290.7456283,-24.50157552,0.366,0.47223743,0.10623743,17.48447399,18.57505579,1062.374298,1.08,1.084282031,0.004282031,437.0870138,18.71620356,42.82031487,E,21,17,S,W,C,TRUE
2,SCW,bottom,fine,4.489,,2.429914122,-26.7686297,0.066495736,1.893065487,1.481303981,42.1712071,28.46897574,2.472060917,-26.91726826,0.366,0.367155729,0.001155729,14.81303981,0.17119855,11.55728682,1.08,1.081625993,0.001625993,421.712071,6.857009053,16.25993071,E,21,17,S,W,C,TRUE
2,SCW,bottom,coarse,4.274,,3.950258971,-26.12137129,0.079206038,1.785015609,1.853206317,41.76452056,22.53635776,3.992405766,-26.27000986,0.366,0.367710508,0.001710508,18.53206317,0.31699242,17.10507982,1.08,1.082337663,0.002337663,417.6452056,9.763139357,23.37663458,E,21,17,S,W,C,TRUE
2,SUD,top,fine,4.603,,334.1807038,-26.98276934,0.061357039,2.08389902,1.332979344,45.27262698,33.96348726,334.2228505,-27.13140791,0.366,0.488066547,0.122066547,13.32979344,16.27121859,1220.665471,1.08,1.081390541,0.001390541,452.7262698,6.295344595,13.90541043,F,24,17,S,D,U,TRUE
2,SUD,top,coarse,4.864,,287.9680004,-26.51010188,0.059413325,2.193280608,1.221491051,45.09211777,36.91563499,288.0101472,-26.65874045,0.366,0.471241332,0.105241332,12.21491051,12.8551345,1052.413319,1.08,1.08191025,0.00191025,450.9211777,8.613719689,19.10249532,F,24,17,S,D,U,TRUE
2,SUD,middle,fine,4.521,,236.7836415,-26.1569179,0.067167608,1.961424604,1.485680338,43.38475126,29.20194214,236.8257883,-26.30555647,0.366,0.452599384,0.086599384,14.85680338,12.86590024,865.9938427,1.08,1.08229858,0.00229858,433.8475126,9.9723307900000009,22.98579686,F,24,17,S,D,U,TRUE
2,SUD,middle,coarse,5.061,,146.3335238,-25.94683991,0.060496781,2.169869403,1.195352326,42.87432134,35.86751823,146.3756706,-26.09547848,0.366,0.419639304,0.053639304,11.95352326,6.411786702,536.3930418,1.08,1.082529562,0.002529562,428.7432134,10.84532365,25.29561592,F,24,17,S,D,U,TRUE
2,SUD,bottom,fine,4.285,,-0.816550958,-28.61287519,0.064403412,1.861298623,1.50299679,43.4375408,28.90062113,-0.774404162,-28.76151376,0.366,0.365971061,-2.89388e-5,15.0299679,-0.004349489,-0.289387778,1.08,1.079598161,-4.01839e-4,434.375408,-1.745489086,-4.018388367,F,24,17,S,D,U,TRUE
2,SUD,bottom,coarse,4.361,,9.10034246,-27.00867379,0.038635177,1.872680089,0.885924711,42.94152922,48.47085616,9.142489256,-27.15731236,0.366,0.369589746,0.003589746,8.859247106,0.318024473,35.89746049,1.08,1.081362058,0.001362058,429.4152922,5.848886917,13.62058367,F,24,17,S,D,U,TRUE
2,SUW,top,fine,4.373,,618.1991211,-24.53668373,0.059070295,1.971900735,1.350795681,45.09263058,33.38227329,618.2412679,-24.6853223,0.366,0.591347766,0.225347766,13.50795681,30.43987894,2253.477663,1.08,1.084080008,0.004080008,450.9263058,18.39782987,40.80008117,H,23,17,S,W,U,TRUE
2,SUW,top,coarse,4.288,,375.912843,-25.521435489999998,0.055080627,1.975682995,1.284529558,46.07469671,35.86892682,375.9549898,-25.67007406,0.366,0.503255582,0.137255582,12.84529558,17.63088523,1372.555822,1.08,1.082997293,0.002997293,460.7469671,13.80993554,29.97292772,H,23,17,S,W,U,TRUE
2,SUW,middle,fine,4.24,,113.8716633,-27.52450425,0.064658223,1.912249526,1.5249581,45.10022468,29.5747304,113.9138101,-27.67314282,0.366,0.407804859,0.041804859,15.249581,6.375065803,418.0485879,1.08,1.080794885,7.94885e-4,451.0022468,3.584947542,7.948846303,H,23,17,S,W,U,TRUE
2,SUW,middle,coarse,4.556,,34.15413147,-27.90301506,0.066030887,2.047901031,1.449317096,44.94953974,31.01428933,34.19627826,-28.05165362,0.366,0.378730729,0.012730729,14.49317096,1.845086345,127.3072919,1.08,1.080378695,3.78695e-4,449.4953974,1.702214565,3.786945483,H,23,17,S,W,U,TRUE
2,SUW,bottom,fine,5.011,,1.388232462,-27.57438686,0.060276135,2.058947193,1.202876378,41.08854905,34.15858005,1.430379257,-27.72302543,0.366,0.366775612,7.75612e-4,12.02876378,0.093296503,7.756117327,1.08,1.080740037,7.40037e-4,410.8854905,3.040702996,7.400365956,H,23,17,S,W,U,TRUE
2,SUW,bottom,coarse,4.434,,1.507209477,-26.91083334,0.063962121,1.914230461,1.442537678,43.17163872,29.92756402,1.549356272,-27.0594719,0.366,0.366819027,8.19027e-4,14.42537678,0.118147792,8.190274274,1.08,1.081469637,0.001469637,431.7163872,6.344662254,14.69636651,H,23,17,S,W,U,TRUE
3,BCD,top,fine,4.216,,1696.858594,-22.56429161,0.056944493,1.765215447,1.350675832,41.86943661,30.99887895,1696.900741,-22.71293018,0.366,0.981648835,0.615648835,13.50675832,83.15420025,6156.488353,1.08,1.086248543,0.006248543,418.6943661,26.16229949,62.48543474,A,25,17,B,D,C,TRUE
3,BCD,top,coarse,4.561,,174.4560741,-24.83535345,0.101189856,1.853831353,2.218589263,40.6452829,18.32032796,174.4982209,-24.98399202,0.366,0.429889517,0.063889517,22.18589263,14.17445968,638.8951717,1.08,1.083751629,0.003751629,406.452829,15.24860257,37.5162909,A,25,17,B,D,C,TRUE
3,BCD,middle,fine,4.309,,47.13809253,-27.55681884,0.082386602,1.82203012,1.911965706,42.28429148,22.11561188,47.18023932,-27.70545741,0.366,0.383467324,0.017467324,19.11965706,3.339692372,174.6732361,1.08,1.080759353,7.59353e-4,422.8429148,3.21087198,7.593533835,A,25,17,B,D,C,TRUE
3,BCD,middle,coarse,4.457,,45.36430287,-26.84120227,0.056189123,1.882760096,1.260693796,42.24276635,33.50755471,45.40644966,-26.98984084,0.366,0.382820265,0.016820265,12.60693796,2.120520437,168.202655,1.08,1.081546198,0.001546198,422.4276635,6.531567192,15.46197789,A,25,17,B,D,C,TRUE
3,BCD,bottom,fine,4.368,,3.194654649,-27.58489772,0.054567722,1.810651822,1.249261029,41.4526516,33.18173756,3.236801444,-27.73353629,0.366,0.367434786,0.001434786,12.49261029,0.179242226,14.34786021,1.08,1.080728479,7.28479e-4,414.526516,3.019740529,7.284794607,A,25,17,B,D,C,TRUE
3,BCD,bottom,coarse,4.47,,2.978451403,-27.19422713,0.049425927,1.84958423,1.105725447,41.37772327,37.42133581,3.020598198,-27.3428657,0.366,0.367355893,0.001355893,11.05725447,0.149924497,13.5589262,1.08,1.081158037,0.001158037,413.7772327,4.791692151,11.58036686,A,25,17,B,D,C,TRUE
3,BCW,top,fine,4.259,,882.0606609,-19.57331784,0.091120102,2.018155332,2.139471765,47.38566171,22.14829963,882.1028077,-19.72195641,0.366,0.687107166,0.321107166,21.39471765,68.69997144,3211.071657,1.08,1.089536771,0.009536771,473.8566171,45.19062164,95.36771253,B,27,17,B,W,C,TRUE
3,BCW,top,coarse,4.318,,680.1976126,-22.18161702,0.09883187,1.945158195,2.288834421,45.04766547,19.68148725,680.2397594,-22.33025559,0.366,0.613864563,0.247864563,22.88834421,56.73209445,2478.645634,1.08,1.086669262,0.006669262,450.4766547,30.04346777,66.69261872,B,27,17,B,W,C,TRUE
3,BCW,middle,fine,4.975,,574.2056249,-23.17648576,0.062659667,1.742706251,1.259490784,35.02927137,27.81224905,574.2477717,-23.32512433,0.366,0.575363888,0.209363888,12.59490784,26.3691887,2093.638876,1.08,1.08557548,0.00557548,350.2927137,19.53050107,55.7548025,B,27,17,B,W,C,TRUE
3,BCW,middle,coarse,4.439,,146.4508289,-25.59800819,0.048877712,1.888567956,1.101097362,42.5448965,38.63863266,146.4929757,-25.74664676,0.366,0.419682064,0.053682064,11.01097362,5.910917948,536.8206437,1.08,1.082913102,0.002913102,425.448965,12.3937606,29.13101597,B,27,17,B,W,C,TRUE
3,BCW,bottom,fine,4.065,,1.999487619,-27.79466513,0.045214277,1.682497206,1.112282329,41.38984517,37.21163602,2.041634414,-27.9433037,0.366,0.366998663,9.98663e-4,11.12282329,0.111079563,9.986633813,1.08,1.080497831,4.97831e-4,413.8984517,2.060513317,4.978306415,B,27,17,B,W,C,TRUE
3,BCW,bottom,coarse,4.322,,3.929299675,-26.61512936,0.041684006,1.877040141,0.964461043,43.42989684,45.03022404,3.97144647,-26.76376793,0.366,0.36770286,0.00170286,9.644610429,0.164234204,17.02859902,1.08,1.08179477,0.00179477,434.2989684,7.79466731,17.94769934,B,27,17,B,W,C,TRUE
3,BUD,top,fine,4.335,,2005.912336,-19.82898369,0.054982904,1.883573567,1.268348418,43.45037064,34.25744063,2005.954483,-19.97762226,0.366,1.092912308,0.726912308,12.68348418,92.19780767,7269.123085,1.08,1.089255705,0.009255705,434.5037064,40.216381,92.55704935,C,26,17,B,D,U,TRUE
3,BUD,top,coarse,4.541,,409.1582445,-23.23915665,0.079787633,1.931430873,1.757049834,42.53316171,24.20714591,409.2003913,-23.38779522,0.366,0.515352425,0.149352425,17.57049834,26.24196528,1493.524246,1.08,1.085506578,0.005506578,425.3316171,23.42121565,55.06577623,C,26,17,B,D,U,TRUE
3,BUD,middle,fine,4.479,,159.6599524,-26.48147953,0.063415024,1.814073753,1.415829967,40.50175828,28.60637168,159.7020991,-26.6301181,0.366,0.424496834,0.058496834,14.15829967,8.28215707,584.9683409,1.08,1.08194172,0.00194172,405.0175828,7.864308519,19.41720274,C,26,17,B,D,U,TRUE
3,BUD,middle,coarse,4.39,,60.330858310000004,-26.35946632,0.057325106,1.854686321,1.305811074,42.24797998,32.35382272,60.37300511,-26.50810488,0.366,0.388279629,0.022279629,13.05811074,2.909298679,222.7962941,1.08,1.082075876,0.002075876,422.4797998,8.770154962,20.75875572,C,26,17,B,D,U,TRUE
3,BUD,bottom,fine,4.167,,1.479343588,-27.0331843,0.046910742,1.768571965,1.125767742,42.44233178,37.70078872,1.521490383,-27.18182287,0.366,0.366808859,8.08859e-4,11.25767742,0.09105873,8.088589379,1.08,1.081335108,0.001335108,424.4233178,5.666511122,13.35108342,C,26,17,B,D,U,TRUE
3,BUD,bottom,coarse,4.186,,3.080418637,-26.33739347,0.038373266,1.821343199,0.91670487,43.51034877,47.46385692,3.122565433,-26.48603204,0.366,0.367393101,0.001393101,9.167048695,0.127706235,13.93100874,1.08,1.082100145,0.002100145,435.1034877,9.137803888,21.00144942,C,26,17,B,D,U,TRUE
3,BUW,top,fine,4.243,,476.9482636,-25.94236694,0.054287711,1.626959295,1.279465256,38.3445509,29.96920058,471.1373483,-27.14982076,0.366,0.537881281,0.171881281,12.79465256,21.99161267,1718.812806,1.08,1.081370296,0.001370296,383.445509,5.254336896,13.70295589,G,28,17,B,W,U,TRUE
3,BUW,top,coarse,4.593,,164.3898001,-26.86592434,0.078819837,1.736168974,1.716086163,37.80032603,22.02705601,158.5788848,-28.07337816,0.366,0.424087437,0.058087437,17.16086163,9.968304654,580.8743681,1.08,1.080354807,3.54807e-4,378.0032603,1.341183206,3.548073119,G,28,17,B,W,U,TRUE
3,BUW,middle,fine,4.418,,397.3616404,-24.34177665,0.052992227,1.386296684,1.199461903,31.37837672,26.16037795,391.5507251,-25.54923047,0.366,0.508930693,0.142930693,11.99461903,17.14399208,1429.306928,1.08,1.083130159,0.003130159,313.7837672,9.821931501,31.30159214,G,28,17,B,W,U,TRUE
3,BUW,middle,coarse,4.512,,128.3883068,-24.65176334,0.055027435,1.644485255,1.219579674,36.44692498,29.88482488,122.5773915,-25.85921716,0.366,0.410963569,0.044963569,12.19579674,5.483665495,449.6356911,1.08,1.082789331,0.002789331,364.4692498,10.16625347,27.89330917,G,28,17,B,W,U,TRUE
3,BUW,bottom,fine,4.452,,7.054093191,-26.04210782,0.042596998,1.62179,0.956805886,36.42834681,38.07287074,1.243177857,-27.24956164,0.366,0.3667073,7.073e-4,9.568058858,0.067674911,7.073003204,1.08,1.081260628,0.001260628,364.2834681,4.592257632,12.60627515,G,28,17,B,W,U,TRUE
3,BUW,bottom,coarse,4.558,,13.2451004,-24.73118749,0.04712728,1.657178833,1.033946464,36.35758737,35.16389738,7.434185062,-25.93864131,0.366,0.368966403,0.002966403,10.33946464,0.306710168,29.66402795,1.08,1.082702004,0.002702004,363.5758737,9.823835407,27.02004208,G,28,17,B,W,U,TRUE
3,SCD,top,fine,4.605,,249.792459,-25.83292319,0.063311768,1.847151264,1.374848383,40.1118624,29.17548065,243.9815437,-27.04037701,0.366,0.455206015,0.089206015,13.74848383,12.26447451,892.0601472,1.08,1.081490632,0.001490632,401.118624,5.979202501,14.90631983,E,32,17,S,D,C,TRUE
3,SCD,top,coarse,4.9,,159.4853905,-26.41604062,0.052623775,1.937635999,1.073954586,39.54359182,36.82054374,153.6744752,-27.62349444,0.366,0.422299803,0.056299803,10.73954586,6.046343136,562.9980274,1.08,1.080849475,8.49475e-4,395.4359182,3.359129479,8.494750537,E,32,17,S,D,C,TRUE
3,SCD,middle,fine,4.685,,498.7814389,-21.34775149,0.053176247,1.472088687,1.135031948,31.4213167,27.68320024,492.9705236,-22.55520531,0.366,0.545820415,0.179820415,11.35031948,20.41019158,1798.204149,1.08,1.086421949,0.006421949,314.213167,20.17860961,64.21949086,E,32,17,S,D,C,TRUE
3,SCD,middle,coarse,5.064,,174.5703217,-24.02862368,0.053880434,1.8181473,1.063989614,35.90338271,33.74411012,168.7594063,-25.2360775,0.366,0.427797984,0.061797984,10.63989614,6.575241294,617.979838,1.08,1.083474466,0.003474466,359.0338271,12.47450984,34.74466443,E,32,17,S,D,C,TRUE
3,SCD,bottom,fine,4.333,,3.333663815,-27.02007965,0.056718292,1.424253965,1.308984362,32.86992764,25.11101628,-2.47725152,-28.22753347,0.366,0.365349664,-6.50336e-4,13.08984362,-0.085127967,-6.503360119,1.08,1.080185305,1.85305e-4,328.6992764,0.609097367,1.853053568,E,32,17,S,D,C,TRUE
3,SCD,bottom,coarse,4.229,,19.22988226,-24.35928493,0.033602793,1.560776907,0.794580125,36.90652416,46.44783204,13.41896693,-25.56673876,0.366,0.371150156,0.005150156,7.945801245,0.40922117,51.50156129,1.08,1.083110909,0.003110909,369.0652416,11.48128396,31.10909038,E,32,17,S,D,C,TRUE
3,SCW,top,fine,4.416,,382.8075247,-24.46389089,0.056964113,1.701892383,1.28994821,38.53922969,29.87657132,376.9966094,-25.67134471,0.366,0.503634636,0.137634636,12.8994821,17.75415522,1376.346359,1.08,1.082995896,0.002995896,385.3922969,11.54595126,29.95895703,H,31,17,S,W,C,TRUE
3,SCW,top,coarse,4.242,"ca. herfra og ned til 142 blev du distraheret og det er muligt, men ikke sikkert at du har målt den samme prøve to gange, så fks 128 er replikat af 127.",114.9614241,-27.34183234,0.047748953,1.7090113,1.125623597,40.28786657,35.79159736,109.1505088,-28.54928616,0.366,0.406068091,0.040068091,11.25623597,4.51015888,400.6809107,1.08,1.079831519,-1.68481e-4,402.8786657,-0.67877279,-1.684806985,H,31,17,S,W,C,TRUE
3,SCW,middle,fine,4.166,,394.881741,-22.28459508,0.047807198,1.435427061,1.147556368,34.4557624,30.02533328,389.0708257,-23.4920489,0.366,0.508028329,0.142028329,11.47556368,16.29855132,1420.283289,1.08,1.085391957,0.005391957,344.557624,18.57839948,53.91957161,H,31,17,S,W,C,TRUE
3,SCW,middle,coarse,5.096,,142.084163,-23.29900319,0.057599372,1.783928973,1.130285953,35.00645551,30.97132669,136.2732477,-24.50645701,0.366,0.41595662,0.04995662,11.30285953,5.646526566,499.5661981,1.08,1.084276664,0.004276664,350.0645551,14.97108643,42.76664463,H,31,17,S,W,C,TRUE
3,SCW,bottom,fine,4.151,,9.560311818,-25.77039917,0.035846789,1.470194063,0.863569958,35.41782855,41.01327079,3.749396483,-26.97785299,0.366,0.367621833,0.001621833,8.635699583,0.140056663,16.21833436,1.08,1.081559379,0.001559379,354.1782855,5.522980833,15.59378725,H,31,17,S,W,C,TRUE
3,SCW,bottom,coarse,4.847,,15.59619409,-24.41162099,0.035342869,1.660129916,0.729169973,34.25066878,46.97213275,9.785278758,-25.61907481,0.366,0.369824292,0.003824292,7.291699733,0.278855856,38.24291543,1.08,1.083053366,0.003053366,342.5066878,10.45798288,30.53366036,H,31,17,S,W,C,TRUE
3,SUD,top,fine,4.519,,666.7600953,-21.52401993,0.058339648,1.8007974390000001,1.290985792,39.84946755,30.86747182,660.94918,-22.73147375,0.366,0.606859646,0.240859646,12.90985792,31.09463814,2408.596465,1.08,1.086228156,0.006228156,398.4946755,24.81887118,62.28156287,F,30,17,S,D,U,TRUE
3,SUD,top,coarse,4.227,,253.3333001,-25.11694939,0.049124449,1.718290164,1.162158717,40.65034692,34.97830918,247.5223847,-26.32440321,0.366,0.456495788,0.090495788,11.62158717,10.5170469,904.9578811,1.08,1.082277858,0.002277858,406.5034692,9.259569936,22.77857543,F,30,17,S,D,U,TRUE
3,SUD,middle,fine,4.391,,635.1091017,-19.99476102,0.056942313,1.672115181,1.296796009,38.0805097,29.36507318,629.2981863,-21.20221484,0.366,0.595364198,0.229364198,12.96796009,29.74385771,2293.641984,1.08,1.087909427,0.007909427,380.805097,30.11949965,79.09426603,F,30,17,S,D,U,TRUE
3,SUD,middle,coarse,4.673,,64.23372697,-23.895455,0.060972271,1.701074728,1.304777902,36.40219833,27.89915301,58.42281163,-25.10290882,0.366,0.387568289,0.021568289,13.04777902,2.81418275,215.6828948,1.08,1.083620883,0.003620883,364.0219833,13.18080929,36.20882776,F,30,17,S,D,U,TRUE
3,SUD,bottom,fine,4.864,Her opdagede du at den prøve du tror du har lagt som den næste var den forrige. Det kan også være du bare glemte at tage en ny prøve klar til den næste.,69.56800351,-24.47200259,0.065761731,1.753248941,1.352009279,36.04541408,26.66062626,63.75708817,-25.67945641,0.366,0.389513961,0.023513961,13.52009279,3.179109411,235.1396149,1.08,1.082986977,0.002986977,360.4541408,10.76668212,29.86976954,F,30,17,S,D,U,TRUE
3,SUD,bottom,coarse,4.508,herfra er det med sikkerhed korrekt,14.84058455,-25.1940362,0.049262171,1.651050142,1.092772212,36.62489223,33.51557792,9.029669216,-26.40149002,0.366,0.369548579,0.003548579,10.92772212,0.387778894,35.48579376,1.08,1.0821931,0.0021931,366.2489223,8.032204623,21.93099866,F,30,17,S,D,U,TRUE
3,SUW,top,fine,4.711,,696.0038535,-22.44806168,0.058947467,1.832110797,1.251272925,38.8900615,31.0803988,690.1929381,-23.6555155,0.366,0.617478438,0.251478438,12.51272925,31.4668161,2514.784384,1.08,1.085212235,0.005212235,388.900615,20.27041487,52.12235232,D,29,17,S,W,U,TRUE
3,SUW,top,coarse,4.424,,238.0418532,-24.79978715,0.05425238,1.764057169,1.226319626,39.87470998,32.51575619,232.2309379,-26.00724097,0.366,0.450925544,0.084925544,12.26319626,10.41458613,849.2554394,1.08,1.082626579,0.002626579,398.7470998,10.47340713,26.26578886,D,29,17,S,W,U,TRUE
3,SUW,middle,fine,4.192,,159.414861,-26.65892876,0.056486169,1.630882315,1.347475417,38.90463538,28.87224131,153.6039456,-27.86638258,0.366,0.422274095,0.056274095,13.47475417,7.582795902,562.7409457,1.08,1.080582409,5.82409e-4,389.0463538,2.265841128,5.824090382,D,29,17,S,W,U,TRUE
3,SUW,middle,coarse,4.761,,110.1277872,-24.76759807,0.055864379,1.758715173,1.173374906,36.94003724,31.48187083,104.3168719,-25.97505189,0.366,0.404305616,0.038305616,11.73374906,4.494684865,383.0561605,1.08,1.082661971,0.002661971,369.4003724,9.833330047,26.619708,D,29,17,S,W,U,TRUE
3,SUW,bottom,fine,4.341,dobbel tin,9.231838017,-28.07047736,0.060767103,1.561286913,1.399841126,35.96606571,25.69296262,3.420922683,-29.27793118,0.366,0.367501972,0.001501972,13.99841126,0.210252284,15.01972475,1.08,1.079030322,-9.69678e-4,359.6606571,-3.487551019,-9.696782092,D,29,17,S,W,U,TRUE
3,SUW,bottom,coarse,4.507,,15.72019806,-24.94495663,0.053153354,1.627406856,1.179351106,36.10842814,30.61719954,9.90928273,-26.15241045,0.366,0.369869539,0.003869539,11.79351106,0.456354492,38.69538845,1.08,1.082466965,0.0024669650000000002,361.0842814,8.907821692,24.66964682,D,29,17,S,W,U,TRUE
4,BCD,top,fine,4.189,,492.6859455,-24.76257194,0.048467518,1.634158684,1.157018804,39.01071101,33.71657476,486.8750302,-25.97002576,0.366,0.543604056,0.177604056,11.57018804,20.54912323,1776.040558,1.08,1.082667497,0.002667497,390.1071101,10.40609554,26.67497021,C,36,16.3,B,D,C,TRUE
4,BCD,top,coarse,4.688,,125.08375530000001,-24.2520895,0.05956407,1.72398893,1.270564623,36.77450789,28.94343761,119.27284,-25.45954332,0.366,0.409758765,0.043758765,12.70564623,5.559833907,437.5876526,1.08,1.083228769,0.003228769,367.7450789,11.87363986,32.28769206,C,36,16.3,B,D,C,TRUE
4,BCD,middle,fine,4.461,,296.0047604,-22.58472941,0.067566288,1.660667225,1.514599586,37.22634442,24.57834055,290.1938451,-23.79218324,0.366,0.472036505,0.106036505,15.14599586,16.06028467,1060.365051,1.08,1.085061977,0.005061977,372.2634442,18.84388838,50.61976585,C,36,16.3,B,D,C,TRUE
4,BCD,middle,coarse,4.238,,13.0146531,-25.2897891,0.048290447,1.561829839,1.139463117,36.85299289,32.3424184,7.203737769,-26.49724293,0.366,0.368882314,0.002882314,11.39463117,0.32842908,28.82314266,1.08,1.082087818,0.002087818,368.5299289,7.6942358,20.87818436,C,36,16.3,B,D,C,TRUE
4,BCD,bottom,fine,4.081,,15.19390044,-26.27671648,0.034376692,1.537926978,0.842359514,37.68505215,44.73749216,9.382985103,-27.4841703,0.366,0.3696775,0.0036775,8.423595139,0.309777709,36.77499972,1.08,1.081002667,0.001002667,376.8505215,3.778556999,10.02667313,C,36,16.3,B,D,C,TRUE
4,BCD,bottom,coarse,4.776,,13.04239293,-26.04049921,0.06051444,1.771341603,1.267052754,37.08839202,29.2713874,7.231477592,-27.24795303,0.366,0.368892436,0.002892436,12.67052754,0.366486942,28.92436332,1.08,1.081262396,0.001262396,370.8839202,4.682024634,12.62396232,C,36,16.3,B,D,C,TRUE
4,BCW,top,fine,4.144,,496.1219084,-23.93600755,0.072336912,1.676578254,1.745581852,40.45796945,23.17735453,490.3109931,-25.14346138,0.366,0.544853405,0.178853405,17.45581852,31.22032585,1788.534053,1.08,1.083576296,0.003576296,404.5796945,14.4689678,35.76296091,A,35,16.3,B,W,C,TRUE
4,BCW,top,coarse,4.846,,217.7097743,-22.22528979,0.091273518,1.809675771,1.883481589,37.34370142,19.82695326,211.898859,-23.43274361,0.366,0.443518174,0.077518174,18.83481589,14.60040528,775.1817362,1.08,1.08545716,0.00545716,373.4370142,20.37905419,54.57159686,A,35,16.3,B,W,C,TRUE
4,BCW,middle,fine,4.274,,124.4389883,-25.66271758,0.05311439,1.547981955,1.242732578,36.2185764,29.14430427,118.6280729,-26.8701714,0.366,0.409523687,0.043523687,12.42732578,5.408830347,435.2368676,1.08,1.081677777,0.001677777,362.185764,6.076669896,16.77777124,A,35,16.3,B,W,C,TRUE
4,BCW,middle,coarse,5.095,,41.97121083,-25.23228047,0.072734186,1.82670492,1.427560075,35.85289342,25.11480536,36.1602955,-26.43973429,0.366,0.379447238,0.013447238,14.27560075,1.919674074,134.4723846,1.08,1.08215105,0.00215105,358.5289342,7.712136173,21.5104987,A,35,16.3,B,W,C,TRUE
4,BCW,bottom,fine,4.869,,6.006412457,-26.81538155,0.058833306,1.596974903,1.20832422,32.79882734,27.14406183,0.195497123,-28.02283537,0.366,0.366324991,3.24991e-4,12.0832422,0.039269428,3.249908176,1.08,1.080410382,4.10382e-4,327.9882734,1.346003744,4.103816669,A,35,16.3,B,W,C,TRUE
4,BCW,bottom,coarse,4.043,,5.895905925,-25.71950995,0.043613304,1.490737731,1.078736176,36.87206855,34.18080283,0.084990591,-26.92696377,0.366,0.366284666,2.84666e-4,10.78736176,0.030707916,2.846656735,1.08,1.081615333,0.001615333,368.7206855,5.956065573,16.15332637,A,35,16.3,B,W,C,TRUE
4,BUD,top,fine,4.173,,2173.650617,-22.82664526,0.043193608,1.581066879,1.035073286,37.88801531,36.60418623,2167.839702,-24.03409908,0.366,1.151093416,0.785093416,10.35073286,81.26292216,7850.934161,1.08,1.084796002,0.004796002,378.8801531,18.17110091,47.96002314,G,34,16.3,B,D,U,TRUE
4,BUD,top,coarse,4.064,,448.3410595,-22.26331492,0.055182811,1.5389061,1.357844768,37.86678396,27.88741752,442.5301441,-23.47076874,0.366,0.527477007,0.161477007,13.57844768,21.92607093,1614.770071,1.08,1.085415353,0.005415353,378.6678396,20.50620174,54.15353404,G,34,16.3,B,D,U,TRUE
4,BUD,middle,fine,4.767,,495.556209,-24.38682552,0.053530115,1.731123001,1.122930885,36.31472626,32.33923542,489.7452937,-25.59427934,0.366,0.544647714,0.178647714,11.22930885,20.06090353,1786.477137,1.08,1.083080628,0.003080628,363.1472626,11.18721782,30.80628433,G,34,16.3,B,D,U,TRUE
4,BUD,middle,coarse,4.49,,1066.200819,-16.38736226,0.042865218,1.69489339,0.954681911,37.74818241,39.54006249,1060.389904,-17.59481608,0.366,0.751705913,0.385705913,9.54681911,36.82264583,3857.059132,1.08,1.0918751820000001,0.011875182,377.4818241,44.82665217,118.7518161,G,34,16.3,B,D,U,TRUE
4,BUD,bottom,fine,4.354,,18.85580597,-25.82274293,0.036156383,1.61081312,0.830417612,36.99616719,44.55127955,13.04489063,-27.030196750000002,0.366,0.371013664,0.005013664,8.304176123,0.416343517,50.13664341,1.08,1.081501825,0.001501825,369.9616719,5.556178552,15.01825452,G,34,16.3,B,D,U,TRUE
4,BUD,bottom,coarse,4.188,,22.5228335,-25.02974734,0.055355614,1.555423545,1.321767276,37.14000824,28.09874999,16.71191817,-26.23720116,0.366,0.37235166200000003,0.006351662,13.21767276,0.839541862,63.51661726,1.08,1.082373737,0.002373737,371.4000824,8.81606058,23.7373684,G,34,16.3,B,D,U,TRUE
4,BUW,top,fine,4.273,,141.1199314,-26.82202599,0.057617182,1.696366189,1.348401179,39.69965337,29.44201919,135.309016,-28.02947981,0.366,0.41560511,0.04960511,13.48401179,6.688758827,496.0510961,1.08,1.080403076,4.03076e-4,396.9965337,1.600196848,4.030757731,E,33,16.3,B,W,U,TRUE
4,BUW,top,coarse,4.056,,55.25908728,-24.44359835,0.062709192,1.577260647,1.546084625,38.88709683,25.15198471,49.44817195,-25.65105217,0.366,0.384294627,0.018294627,15.46084625,2.828504176,182.9462715,1.08,1.083018207,0.003018207,388.8709683,11.73693153,30.18207192,E,33,16.3,B,W,U,TRUE
4,BUW,middle,fine,4.136,,163.4996381,-24.65987948,0.049218727,1.508219667,1.190007906,36.46565926,30.64320756,157.6887227,-25.8673333,0.366,0.423762982,0.057762982,11.90007906,6.87384049,577.6298171,1.08,1.082780407,0.002780407,364.6565926,10.13893832,27.80407244,E,33,16.3,B,W,U,TRUE
4,BUW,middle,coarse,4.688,,379.4638156,-20.91176567,0.048906965,1.697444072,1.043237316,36.20827799,34.70761393,373.6529002,-22.11921949,0.366,0.502417823,0.136417823,10.43237316,14.23161637,1364.178232,1.08,1.086901277,0.006901277,362.0827799,24.98833459,69.01276718,E,33,16.3,B,W,U,TRUE
4,BUW,bottom,fine,4.228,,6.264363012,-24.99388946,0.034617865,1.561051897,0.818776365,36.92175727,45.09382398,0.453447677,-26.20134328,0.366,0.36641912,4.1912e-4,8.187763647,0.034316547,4.191199069,1.08,1.082413163,0.002413163,369.2175727,8.909821077,24.1316279,E,33,16.3,B,W,U,TRUE
4,BUW,bottom,coarse,4.21,,9.637067383,-25.19921916,0.028060107,1.548682821,0.666510853,36.78581523,55.19162223,3.826152049,-26.40667298,0.366,0.367649842,0.001649842,6.665108534,0.10996374,16.49841704,1.08,1.082187401,0.002187401,367.8581523,8.046533447,21.87401148,E,33,16.3,B,W,U,TRUE
4,SCD,top,fine,4.331,,116.046882,-27.21116968,0.054736398,1.751098138,1.263828167,40.43172796,31.99147559,110.2359666,-28.4186235,0.366,0.40646387,0.04046387,12.63828167,5.113937846,404.6386985,1.08,1.079975191,-2.48091e-5,404.3172796,-0.100307433,-0.248090888,H,38,16.3,S,D,C,TRUE
4,SCD,top,coarse,4.07,,66.49396872,-27.12711153,0.051462285,1.676742987,1.264429608,41.19761638,32.58197699,60.68305339,-28.33456535,0.366,0.38839272,0.02239272,12.64429608,2.831401775,223.9271967,1.08,1.080067618,6.76178e-5,411.9761638,0.278569126,0.676177774,H,38,16.3,S,D,C,TRUE
4,SCD,middle,fine,4.791,,456.7168676,-22.86708892,0.065151816,1.858659574,1.359879283,38.79481474,28.5281313,450.9059522,-24.07454274,0.366,0.530523465,0.164523465,13.59879283,22.37320517,1645.234651,1.08,1.084751536,0.004751536,387.9481474,18.43349748,47.51536412,H,38,16.3,S,D,C,TRUE
4,SCD,middle,coarse,4.641,,344.9710214,-21.83043184,0.055695562,1.735443679,1.200076742,37.39374444,31.159461,339.160106,-23.03788566,0.366,0.489863777,0.123863777,12.00076742,14.86460377,1238.637768,1.08,1.08589128,0.00589128,373.9374444,22.02970021,58.91279554,H,38,16.3,S,D,C,TRUE
4,SCD,bottom,fine,4.191,,-0.960614053,-27.06198225,0.060297931,1.614016854,1.438748059,38.51149736,26.76736704,-6.771529388,-28.26943607,0.366,0.363782576,-0.002217424,14.38748059,-0.319031394,-22.17423626,1.08,1.080139231,1.39231e-4,385.1149736,0.536199904,1.392311235,H,38,16.3,S,D,C,TRUE
4,SCD,bottom,coarse,4.27,,12.76136008,-25.67027185,0.033419832,1.605055829,0.782665864,37.58912948,48.02704606,6.950444745,-26.87772567,0.366,0.368789889,0.002789889,7.826658638,0.218355115,27.89889334,1.08,1.081669471,0.001669471,375.8912948,6.275396318,16.69471042,H,38,16.3,S,D,C,TRUE
4,SCW,top,fine,4.308,,316.4685822,-24.99876228,0.047186851,1.778789855,1.095330813,41.29038661,37.69672698,310.6576668,-26.2062161,0.366,0.479487598,0.113487598,10.95330813,12.43064628,1134.875978,1.08,1.082407805,0.002407805,412.9038661,9.941920355,24.07805102,B,40,16.3,S,W,C,TRUE
4,SCW,top,coarse,4.868,,134.2100797,-27.15186877,0.051147899,1.96420202,1.050696358,40.34926089,38.40239913,128.3991643,-28.35932259,0.366,0.413086054,0.047086054,10.50696358,4.947314522,470.8605379,1.08,1.080040396,4.03958e-5,403.4926089,0.162993894,0.40395757,B,40,16.3,S,W,C,TRUE
4,SCW,middle,fine,4.96,,820.0841487,-18.79089559,0.063359085,1.883718309,1.277400915,37.978191700000004,29.730831770000002,814.2732334,-19.99834941,0.366,0.662508394,0.296508394,12.77400915,37.87600942,2965.083943,1.08,1.089232918,0.009232918,379.781917,35.06495477,92.32918471,B,40,16.3,S,W,C,TRUE
4,SCW,middle,coarse,4.766,,466.1649395,-22.7679884,0.047781235,1.858659966,1.002543754,38.99832073,38.8993703,460.3540242,-23.97544222,0.366,0.533959704,0.167959704,10.02543754,16.83869522,1679.59704,1.08,1.084860493,0.004860493,389.9832073,18.95510534,48.60492705,B,40,16.3,S,W,C,TRUE
4,SCW,bottom,fine,4.215,,5.520120422,-24.69385019,0.035465191,1.5612617,0.841404293,37.04060972,44.02236835,-0.290794913,-25.90130401,0.366,0.366147537,1.47537e-4,8.414042931,0.012413813,1.475368424,1.08,1.082743057,0.002743057,370.4060972,10.16044859,27.43056518,B,40,16.3,S,W,C,TRUE
4,SCW,bottom,coarse,4.393,,7.069647253,-24.52715431,0.035308987,1.564906072,0.803755678,35.6227196,44.32033339,1.258731919,-25.73460813,0.366,0.366712976,7.12976e-4,8.037556778,0.057305862,7.129761359,1.08,1.082926338,0.002926338,356.227196,10.42441178,29.26337992,B,40,16.3,S,W,C,TRUE
4,SUD,top,fine,4.106,,355.7331867,-22.98151229,0.052893831,1.586821818,1.288208249,38.64641544,30.0001304,349.9222713,-24.18896611,0.366,0.49378113,0.12778113,12.88208249,16.46087054,1277.811298,1.08,1.084625733,0.004625733,386.4641544,17.8768002,46.25733073,D,39,16.3,S,D,U,TRUE
4,SUD,top,coarse,5.112,,311.6990504,-24.54681614,0.056542888,1.983800009,1.106081531,38.80672944,35.08487247,305.8881351,-25.75426996,0.366,0.477751061,0.111751061,11.06081531,12.36057845,1117.510609,1.08,1.08290472,0.00290472,388.0672944,11.27226802,29.04719924,D,39,16.3,S,D,U,TRUE
4,SUD,middle,fine,4.681,,267.5586146,-24.06784654,0.049771673,1.72288518,1.063270085,36.80592139,34.61577815,261.7476993,-25.27530036,0.366,0.461677111,0.095677111,10.63270085,10.17306096,956.7711061,1.08,1.083431342,0.003431342,368.0592139,12.6293689,34.31341594,D,39,16.3,S,D,U,TRUE
4,SUD,middle,coarse,4.594,,11.16442647,-25.14321089,0.056492311,1.741116971,1.22969766,37.89980345,30.82042414,5.353511139,-26.35066471,0.366,0.368207175,0.002207175,12.2969766,0.271415791,22.07174984,1.08,1.082248983,0.002248983,378.9980345,8.523600551,22.48982785,D,39,16.3,S,D,U,TRUE
4,SUD,bottom,fine,4.166,,-0.7457174,-26.69441124,0.04807055,1.488175162,1.153877829,35.72191939,30.95814696,-6.556632735,-27.90186506,0.366,0.363860999,-0.002139001,11.53877829,-0.246814627,-21.3900138,1.08,1.080543394,5.43394e-4,357.2191939,1.941109102,5.433944018,D,39,16.3,S,D,U,TRUE
4,SUD,bottom,coarse,4.386,,13.95864209,-25.89363352,0.030910688,1.595384009,0.70475804,36.37446442,51.61269875,8.147726752,-27.10108735,0.366,0.369226768,0.003226768,7.047580401,0.227409071,32.26768028,1.08,1.081423879,0.001423879,363.7446442,5.179284878,14.23879351,D,39,16.3,S,D,U,TRUE
4,SUW,top,fine,4.515,,623.7017668,-22.05374117,0.06293236,1.773024596,1.393850722,39.26964775,28.17349601,617.8908515,-23.26119499,0.366,0.591220472,0.225220472,13.93850722,31.39237175,2252.20472,1.08,1.085645766,0.005645766,392.6964775,22.17072564,56.45766365,F,37,16.3,S,W,U,TRUE
4,SUW,top,coarse,4.104,,188.4632029,-26.87567735,0.041608182,1.701278782,1.013844598,41.45416136,40.88808228,182.6522876,-28.08313117,0.366,0.432861147,0.066861147,10.13844598,6.778681319,668.6114745,1.08,1.080344083,3.44083e-4,414.5416136,1.426368769,3.440833735,F,37,16.3,S,W,U,TRUE
4,SUW,middle,fine,4.791,,384.4731267,-23.69948437,0.06201104,1.823947832,1.294323529,38.07029497,29.41327584,378.6622113,-24.90693819,0.366,0.504240756,0.138240756,12.94323529,17.89282628,1382.407558,1.08,1.083836348,0.003836348,380.7029497,14.60508937,38.36347836,F,37,16.3,S,W,U,TRUE
4,SUW,middle,coarse,4.339,,212.182451,-25.28534874,0.047683029,1.746861981,1.098940507,40.25955246,36.63487896,206.3715356,-26.49280256,0.366,0.441504272,0.075504272,10.98940507,8.297470301,755.0427205,1.08,1.082092701,0.002092701,402.5955246,8.425119273,20.92700678,F,37,16.3,S,W,U,TRUE
4,SUW,bottom,fine,4.326,,2.465657984,-25.85396098,0.044033138,1.506188135,1.017871899,34.817109,34.20578665,-3.345257351,-27.0614148,0.366,0.365032911,-9.67089e-4,10.17871899,-0.098437243,-9.670887138,1.08,1.0814675,0.0014675,348.17109,5.109412083,14.67500384,F,37,16.3,S,W,U,TRUE
4,SUW,bottom,coarse,4.609,,4.118760618,-24.62322898,0.055347773,1.684037349,1.200862938,36.53802015,30.42647,-1.692154717,-25.8306828,0.366,0.36563616,-3.6384e-4,12.00862938,-0.043692222,-3.638402085,1.08,1.082820704,0.002820704,365.3802015,10.30629524,28.20704349,F,37,16.3,S,W,U,TRUE
5,BCD,top,fine,4.321,,115.2081315,-26.98690118,0.115845773,1.780517656,2.680994516,41.20614803,15.36972485,109.3972162,-28.194355,0.366,0.406158046,0.040158046,26.80994516,10.76635001,401.5804561,1.08,1.080221787,2.21787e-4,412.0614803,0.913898371,2.217868971,E,44,16.3,B,D,C,TRUE
5,BCD,top,coarse,4.328,,19.95821559,-29.83206064,0.110426688,1.789684827,2.551448424,41.351313,16.20699545,14.14730026,-31.03951446,0.366,0.371415907,0.005415907,25.51448424,1.381840748,54.15907039,1.08,1.077093281,-0.002906719,413.51313,-12.01966524,-29.06719126,E,44,16.3,B,D,C,TRUE
5,BCD,middle,fine,4.317,,2.729508962,-27.83295887,0.06615253,1.572832324,1.532372707,36.43345666,23.77584545,-3.081406373,-29.04041269,0.366,0.365129196,-8.70804e-4,15.32372707,-0.133439628,-8.708039975,1.08,1.079291492,-7.08508e-4,364.3345666,-2.58134012,-7.08508156,E,44,16.3,B,D,C,TRUE
5,BCD,bottom,fine,4.22,korrekt vægt?,30.7217704,-25.42138975,0.08863409,2.042034247,2.100333894,48.38943713,23.03892599,35.16717752,-28.02443492,0.366,0.379084932,0.013084932,21.00333894,2.748272663,130.8493221,1.08,1.080408623,4.08623e-4,483.8943713,1.977303131,4.08622883,E,44,16.3,B,D,C,TRUE
5,BCW,top,coarse,4.335,,8.039870701,-24.64858142,0.081148967,1.989004957,1.871948497,45.88246729,24.51053934,12.48527781,-27.25162659,0.366,0.37080947399999997,0.004809474,18.71948497,0.900308738,48.0947387,1.08,1.081258357,0.001258357,458.8246729,5.773652547,12.58357034,F,43,16.3,B,W,C,TRUE
5,BCW,middle,fine,4.257,,149.6411182,-24.37140286,0.06124085,1.985522292,1.438591733,46.64135054,32.42153382,154.0865253,-26.97444803,0.366,0.422449996,0.056449996,14.38591733,8.120849688,564.4999551,1.08,1.081563123,0.001563123,466.4135054,7.290614717,15.63122558,F,43,16.3,B,W,C,TRUE
5,BCW,middle,coarse,4.228,,-5.647622558,-24.78565185,0.044403616,1.905183872,1.050227445,45.06111333,42.90605198,-1.202215448,-27.38869703,0.366,0.365814947,-1.85053e-4,10.50227445,-0.019434824,-1.850534798,1.08,1.081107644,0.001107644,450.6111333,4.991165318,11.07643587,F,43,16.3,B,W,C,TRUE
5,BCW,bottom,fine,4.513,,-7.803493179,-24.71615458,0.066771012,1.922575725,1.479526091,42.60083593,28.79356855,-3.358086068,-27.31919975,0.366,0.36502823,-9.7177e-4,14.79526091,-0.143775934,-9.717701845,1.08,1.081184058,0.001184058,426.0083593,5.044186826,11.8405818,F,43,16.3,B,W,C,TRUE
5,BCW,bottom,coarse,4.33,,-7.201790204,-24.34740398,0.046894515,1.878374445,1.083014192,43.38047218,40.05531276,-2.756383094,-26.95044916,0.366,0.365247804,-7.52196e-4,10.83014192,-0.081463947,-7.521964907,1.08,1.08158951,0.00158951,433.8047218,6.895369015,15.89509904,F,43,16.3,B,W,C,TRUE
5,BUD,top,fine,4.293,,295.7765542,-21.91158525,0.06563651,1.884555388,1.528919397,43.8983319,28.7119988,300.2219613,-24.51463043,0.366,0.475687987,0.109687987,15.28919397,16.77040911,1096.879871,1.08,1.084267678,0.004267678,438.983319,18.73439491,42.67678087,D,41,16.3,B,D,U,TRUE
5,BUD,top,coarse,4.92,,1568.882188,-3.59494407,0.056514219,2.133548908,1.148662993,43.3648152,37.75242649,1573.327595,-6.197989246,0.366,0.937090765,0.571090765,11.48662993,65.59908274,5710.90765,1.08,1.104402071,0.024402071,433.648152,105.819132,244.0207148,D,41,16.3,B,D,U,TRUE
5,BUD,middle,fine,4.303,,724.1887138,-16.53304003,0.050619614,1.789521165,1.176379604,41.58775657,35.35232711,728.6341209,-19.13608521,0.366,0.631433485,0.265433485,11.76379604,31.22505375,2654.334846,1.08,1.090180843,0.010180843,415.8775657,42.33984159,101.8084289,D,41,16.3,B,D,U,TRUE
5,BUD,middle,coarse,4.444,,341.296678,-20.08582842,0.052966281,1.869804081,1.191860503,42.0747993,35.30178171,345.7420851,-22.6888736,0.366,0.492259608,0.126259608,11.91860503,15.04838397,1262.596079,1.08,1.086274992,0.006274992,420.747993,26.40190188,62.74991758,D,41,16.3,B,D,U,TRUE
5,BUD,bottom,fine,4.058,,-7.183884036,-25.14463625,0.040237358,1.64783501,0.991556385,40.60707269,40.95286291,-2.738476925,-27.74768143,0.366,0.365254338,-7.45662e-4,9.915563846,-0.073936609,-7.456621791,1.08,1.080712926,7.12926e-4,406.0707269,2.894984873,7.129262665,D,41,16.3,B,D,U,TRUE
5,BUW,top,fine,4.385,,542.9108225,-19.23821393,0.059000676,1.884433404,1.345511435,42.97453602,31.93918306,547.3562296,-21.84125911,0.366,0.565591022,0.199591022,13.45511435,26.85520026,1995.910222,1.08,1.087206867,0.007206867,429.7453602,30.97117658,72.06867008,H,42,16.3,B,W,U,TRUE
5,BUW,top,coarse,4.235,,600.7870234,-16.41405929,0.058739067,1.830667122,1.38699095,43.2270867,31.16609138,605.2324306,-19.01710447,0.366,0.586621883,0.220621883,13.8699095,30.6000555,2206.218829,1.08,1.090311642,0.010311642,432.270867,44.57422495,103.1164216,H,42,16.3,B,W,U,TRUE
5,BUW,middle,fine,4.372,,675.9492374,-17.43057482,0.054280024,1.681058691,1.241537594,38.45056475,30.97011717,680.3946446,-20.03362,0.366,0.613920802,0.247920802,12.41537594,30.78029964,2479.208023,1.08,1.089194144,0.009194144,384.5056475,35.35200135,91.94143592,H,42,16.3,B,W,U,TRUE
5,BUW,middle,coarse,4.35,,194.9204579,-22.97096916,0.041810569,1.772285807,0.961162503,40.74220246,42.38846434,199.365865,-25.57401434,0.366,0.438951612,0.072951612,9.611625025,7.011835382,729.5161186,1.08,1.08310291,0.00310291,407.4220246,12.64193716,31.0290961,H,42,16.3,B,W,U,TRUE
5,BUW,bottom,fine,4.157,,-5.624198054,-24.42570732,0.037275909,1.745108043,0.896702165,41.97998661,46.81597552,-1.178790943,-27.0287525,0.366,0.365823494,-1.76506e-4,8.967021651,-0.015827288,-1.765055171,1.08,1.081503413,0.001503413,419.7998661,6.311327622,15.03413443,H,42,16.3,B,W,U,TRUE
5,BUW,bottom,coarse,4.225,,-5.323675737,-24.32029516,0.031931141,1.7512602,0.755766653,41.44994556,54.84489874,-0.878268626,-26.92334033,0.366,0.36593316,-6.68404e-5,7.557666532,-0.005051576,-0.668404207,1.08,1.081619317,0.001619317,414.4994556,6.712058875,16.19316692,H,42,16.3,B,W,U,TRUE
5,SCD,top,fine,4.877,,512.4917195,-19.77215464,0.061569535,2.174034688,1.262446886,44.57729522,35.31023422,516.9371266,-22.37519982,0.366,0.554533862,0.188533862,12.62446886,23.80139873,1885.338623,1.08,1.08661985,0.00661985,445.7729522,29.50949932,66.19849673,G,47,16.3,S,D,C,TRUE
5,SCD,top,coarse,4.686,,255.7830788,-24.06949493,0.048998542,2.127554678,1.045636824,45.4023619,43.42077562,260.2284859,-26.67254011,0.366,0.461123789,0.095123789,10.45636824,9.946493698,951.2378938,1.08,1.081895077,0.001895077,454.023619,8.604095262,18.95076578,G,47,16.3,S,D,C,TRUE
5,SCD,middle,fine,4.203,,318.7836845,-20.90413135,0.055318437,1.909677715,1.316165524,45.43606269,34.52154146,323.2290917,-23.50717653,0.366,0.484064433,0.118064433,13.16165524,15.53923358,1180.644327,1.08,1.085375325,0.005375325,454.3606269,24.42336152,53.75325255,G,47,16.3,S,D,C,TRUE
5,SCD,middle,coarse,4.396,,98.85459056,-24.16026512,0.044411928,2.017517387,1.010280443,45.89439006,45.4273765,103.2999977,-26.7633103,0.366,0.403934828,0.037934828,10.10280443,3.832481507,379.34828220000003,1.08,1.081795273,0.001795273,458.9439006,8.239296432,17.95273109,G,47,16.3,S,D,C,TRUE
5,SCD,bottom,fine,4.315,,-8.302890363,-25.64439155,0.066814182,1.902109145,1.548416722,44.08132434,28.46864395,-3.857483252,-28.24743672,0.366,0.364845989,-0.001154011,15.48416722,-0.178689015,-11.54011143,1.08,1.080163421,1.63421e-4,440.8132434,0.720379788,1.634206319,G,47,16.3,S,D,C,TRUE
5,SCD,bottom,coarse,4.282,,-5.221114065,-23.9114824,0.031053905,1.792971863,0.725219632,41.87229946,57.73740483,-0.775706954,-26.51452758,0.366,0.365970586,-2.94142e-5,7.252196316,-0.002133174,-0.294141851,1.08,1.082068814,0.002068814,418.7229946,8.662598845,20.6881374,G,47,16.3,S,D,C,TRUE
5,SCW,top,fine,4.905,,396.1258926,-23.02962661,0.064380191,2.130142264,1.312542125,43.42797685,33.08692044,400.5712997,-25.63267179,0.366,0.512212882,0.146212882,13.12542125,19.19105664,1462.128817,1.08,1.083038416,0.003038416,434.2797685,13.19522718,30.38416278,C,46,16.3,S,W,C,TRUE
5,SCW,top,coarse,4.204,,118.686425,-26.06666094,0.044802226,1.962465422,1.065704715,46.68090919,43.80285509,123.1318321,-28.66970612,0.366,0.411165709,0.045165709,10.65704715,4.813330936,451.6570931,1.08,1.07969911,-3.0089e-4,466.8090919,-1.404582775,-3.008901923,C,46,16.3,S,W,C,TRUE
5,SCW,middle,fine,4.187,,533.2987711,-20.53464154,0.059927202,1.772643489,1.431268252,42.33683995,29.57994764,537.7441783,-23.13768671,0.366,0.562097365,0.196097365,14.31268252,28.06679333,1960.973654,1.08,1.085781555,0.005781555,423.3683995,24.47727829,57.81555336,C,46,16.3,S,W,C,TRUE
5,SCW,middle,coarse,4.539,,591.9397971,-19.81866027,0.050595091,1.949353025,1.114674845,42.94675095,38.52850106,596.3852042,-22.42170544,0.366,0.583407583,0.217407583,11.14674845,24.23387642,2174.075833,1.08,1.086568721,0.006568721,429.4675095,28.21052165,65.68720806,C,46,16.3,S,W,C,TRUE
5,SCW,bottom,fine,4.316,,-4.089210099,-26.21439002,0.059263685,1.8496823,1.373115953,42.85640176,31.21105809,0.356197011,-28.8174352,0.366,0.366383632,3.83632e-4,13.73115953,0.052677129,3.836320545,1.08,1.079536672,-4.63328e-4,428.5640176,-1.985658394,-4.63328304,C,46,16.3,S,W,C,TRUE
5,SCW,bottom,coarse,4.175,,-3.182991104,-23.38728797,0.048100017,1.740374049,1.152096207,41.68560597,36.18240017,1.262416007,-25.99033315,0.366,0.36671432,7.1432e-4,11.52096207,0.082296593,7.143204923,1.08,1.082645169,0.002645169,416.8560597,11.02654749,26.45169053,C,46,16.3,S,W,C,TRUE
5,SUD,top,fine,4.803,,497.1619897,-21.82198448,0.065351719,2.10966312,1.360643736,43.92386258,32.28167771,501.6073968,-24.42502966,0.366,0.548960666,0.182960666,13.60643736,24.89442845,1829.606662,1.08,1.084366191,0.004366191,439.2386258,19.1779966,43.66190829,B,48,16.3,S,D,U,TRUE
5,SUD,top,coarse,4.138,,318.8791526,-24.64487244,0.041036093,1.951840098,0.991689047,47.16868289,47.56398493,323.3245597,-27.24791761,0.366,0.484099188,0.118099188,9.91689047,11.7117671,1180.991878,1.08,1.081262435,0.001262435,471.6868289,5.954740429,12.62435172,B,48,16.3,S,D,U,TRUE
5,SUD,middle,fine,4.535,,610.510311,-20.14854581,0.054997929,1.982230158,1.212743746,43.70959554,36.04190553,614.9557181,-22.75159098,0.366,0.590154226,0.224154226,12.12743746,27.18416356,2241.542258,1.08,1.086206039,0.006206039,437.0959554,27.12634539,62.06038984,B,48,16.3,S,D,U,TRUE
5,SUD,middle,coarse,4.434,,228.6917547,-23.91349835,0.04231952,1.980864956,0.954432122,44.67444645,46.80735846,233.1371618,-26.51654353,0.366,0.451255673,0.085255673,9.544321218,8.137075307,852.556732,1.08,1.082066597,0.002066597,446.7444645,9.232408474,20.66597173,B,48,16.3,S,D,U,TRUE
5,SUD,bottom,fine,4.129,,-5.007893547,-25.33541923,0.061701807,1.683660432,1.494352317,40.77646964,27.28705217,-0.562486436,-27.93846441,0.366,0.366048393,4.8393e-5,14.94352317,0.007231615,0.483929717,1.08,1.080503152,5.03152e-4,407.7646964,2.051674901,5.031516753,B,48,16.3,S,D,U,TRUE
5,SUD,bottom,coarse,4.414,,-1.876414094,-23.47522774,0.04939934,1.84238219,1.119151346,41.73951496,37.29568401,2.568993017,-26.07827291,0.366,0.3671911,0.0011911,11.19151346,0.133302087,11.91099738,1.08,1.082548479,0.002548479,417.3951496,10.63722839,25.48479156,B,48,16.3,S,D,U,TRUE
5,SUW,top,fine,4.855,,392.8056109,-23.96182317,0.059236207,2.113131471,1.22010725,43.52485007,35.67297061,397.251018,-26.56486834,0.366,0.511004803,0.145004803,12.2010725,17.69214114,1450.04803,1.08,1.082013463,0.002013463,435.2485007,8.763569146,20.13463374,A,45,16.3,S,W,U,TRUE
5,SUW,top,coarse,4.034,,211.6912839,-28.61086053,0.04513795,1.84216351,1.118937784,45.66592737,40.81185569,216.136691,-31.21390571,0.366,0.445062189,0.079062189,11.18937784,8.846567042,790.6218887,1.08,1.076901516,-0.003098484,456.65927370000003,-14.14951573,-30.98484262,A,45,16.3,S,W,U,TRUE
5,SUW,middle,fine,4.344,,876.7693892,-18.225463,0.057229347,1.742557514,1.317434313,40.11412325,30.44867046,881.2147963,-20.82850818,0.366,0.686785202,0.320785202,13.17434313,42.26134323,3207.852021,1.08,1.088320272,0.008320272,401.1412325,33.37604072,83.20271769,A,45,16.3,S,W,U,TRUE
5,SUW,middle,coarse,4.195,,908.408889,-21.00750054,0.038610062,1.801863648,0.920382874,42.95264953,46.66824071,912.8542961,-23.61054572,0.366,0.69825535,0.33225535,9.203828745,30.58021344,3322.553504,1.08,1.085261677,0.005261677,429.5264953,22.60029653,52.61676933,A,45,16.3,S,W,U,TRUE
5,SUW,bottom,fine,4.274,,-1.219323778,-29.38092723,0.056681088,1.86926557,1.326183611,43.735741,32.97864687,3.226083333,-31.9839724,0.366,0.367430875,0.001430875,13.26183611,0.18976029,14.30874944,1.08,1.076054722,-0.003945278,437.35741,-17.25496758,-39.45278434,A,45,16.3,S,W,U,TRUE
5,SUW,bottom,coarse,4.928,,13.80579667,-24.6246256,0.034694723,1.969638777,0.70403253,39.96831934,56.77055766,18.25120378,-27.22767077,0.366,0.372913294,0.006913294,7.040325299,0.486718383,69.13293956,1.08,1.081284697,0.001284697,399.6831934,5.134718784,12.84697197,A,45,16.3,S,W,U,TRUE
6,BCD,top,fine,3.999,ikke flere rødder,0.842610397,-25.82872862,0.041852213,1.718801662,1.046566979,42.98078674,41.06835741,5.288017508,-28.43177379,0.366,0.368183276,0.002183276,10.46566979,0.228494508,21.83276488,1.08,1.079960731,-3.92686e-5,429.8078674,-0.168779639,-0.392686248,H,52,17,B,D,C,TRUE
6,BCD,top,coarse,3.794,ikke flere rødder,-2.392282854,-26.72935379,0.082741114,1.724880183,2.180841165,45.46336802,20.84671215,2.053124257,-29.33239896,0.366,0.367002856,0.001002856,21.80841165,0.218706987,10.02856103,1.08,1.07897043,-0.00102957,454.6336802,-4.680771856,-10.29569972,H,52,17,B,D,C,TRUE
6,BCD,middle,fine,4.316,,441.4260263,-20.62716542,0.05516001,1.697673951,1.278035443,39.33442889,30.77725982,445.8714334,-23.23021059,0.366,0.528692327,0.162692327,12.78035443,20.792656,1626.923268,1.08,1.085679832,0.005679832,393.3442889,22.3412934,56.79831647,H,52,17,B,D,C,TRUE
6,BCD,bottom,fine,4.075,,-4.172555181,-25.5521756,0.049592896,1.562177645,1.217003574,38.33564772,31.50002887,0.272851929,-28.15522077,0.366,0.366353218,3.53218e-4,12.17003574,0.042986816,3.532184845,1.08,1.080264817,2.64817e-4,383.3564772,1.015193438,2.648170822,H,52,17,B,D,C,TRUE
6,BCD,bottom,coarse,4.144,,-4.263486144,-24.50930793,0.023174151,1.71742644,0.5592218,41.44368823,74.10957198,0.181920967,-27.11235311,0.366,0.366320037,3.20037e-4,5.592217998,0.017897151,3.2003671909999998,1.08,1.081411492,0.001411492,414.4368823,5.849744831,14.11492336,H,52,17,B,D,C,TRUE
6,BCW,top,fine,4.764,ikke flere rødder,1140.672759,-25.4441067,0.02858426,2.020980172,0.600005464,42.42191797,70.70255279,1145.118166,-28.04715188,0.366,0.782376047,0.416376047,6.000054636,24.98279033,4163.760473,1.08,1.080383644,3.83644e-4,424.2191797,1.627493335,3.836444493,E,50,17,B,W,C,TRUE
6,BCW,top,coarse,4.341,,300.7274571,-20.12185365,0.050640723,1.800951393,1.166568148,41.48701665,35.56330312,305.1728642,-22.72489882,0.366,0.477490633,0.111490633,11.66568148,13.00614211,1114.906329,1.08,1.086235385,0.006235385,414.8701665,25.86875173,62.35384903,E,50,17,B,W,C,TRUE
6,BCW,middle,fine,4.268,korrekt vægt?,314.4435164,-24.52547865,0.043572151,1.867750393,1.020903246,43.7617243,42.86569218,318.8889235,-27.12852383,0.366,0.48248437,0.11648437,10.20903246,11.89192718,1164.843703,1.08,1.081393712,0.001393712,437.617243,6.099124796,13.93712175,E,50,17,B,W,C,TRUE
6,BCW,middle,coarse,4.928,,41.51656882,-23.87549132,0.038800981,2.015711166,0.78735756,40.90322983,51.95000581,45.96197593,-26.4785365,0.366,0.383022916,0.017022916,7.873575603,1.340312162,170.2291601,1.08,1.082108386,0.002108386,409.0322983,8.623981305,21.08386389,E,50,17,B,W,C,TRUE
6,BCW,bottom,fine,4.471,,-0.695811161,-25.64712977,0.030412826,1.117974383,0.680224234,25.00501862,36.75996437,3.749595949,-28.25017495,0.366,0.367621906,0.001621906,6.802242344,0.110325992,16.21906222,1.08,1.08016041,1.6041e-4,250.0501862,0.401105009,1.604098021,E,50,17,B,W,C,TRUE
6,BUD,top,fine,4.147,,2531.92634,-15.16570353,0.036557689,1.722481378,0.881545424,41.5356011,47.11680187,2536.371747,-17.76874871,0.366,1.283287893,0.917287893,8.815454244,80.86309453,9172.878934,1.08,1.091683978,0.011683978,415.356011,48.53010475,116.8397795,B,49,17,B,D,U,TRUE
6,BUD,top,coarse,4.162,,396.7162565,-21.71864468,0.044887941,1.708946729,1.078518517,41.06070948,38.07139963,401.1616636,-24.32168986,0.366,0.512427682,0.146427682,10.78518517,15.7924966,1464.276815,1.08,1.084479809,0.004479809,410.6070948,18.39441316,44.79808895,B,49,17,B,D,U,TRUE
6,BUD,middle,fine,4.013,,489.5589713,-22.00035801,0.037465886,1.565834936,0.933612914,39.01906145,41.79361795,494.0043784,-24.60340318,0.366,0.546196321,0.180196321,9.336129142,16.82336125,1801.963211,1.08,1.084170076,0.004170076,390.1906145,16.27124328,41.70075517,B,49,17,B,D,U,TRUE
6,BUD,middle,coarse,4.341,,44.56486129,-23.65830476,0.044520424,1.710937754,1.025579916,39.41344746,38.43040103,49.0102684,-26.26134993,0.366,0.384134888,0.018134888,10.25579916,1.859877733,181.348884,1.08,1.082347185,0.002347185,394.1344746,9.251065686,23.47185106,B,49,17,B,D,U,TRUE
6,BUD,bottom,fine,4.269,,-2.835440302,-24.46556592,0.043916832,1.66661449,1.028738162,39.03992716,37.94933307,1.609966808,-27.0686111,0.366,0.366841145,8.41145e-4,10.28738162,0.086531765,8.411446976,1.08,1.081459588,0.001459588,390.3992716,5.69822038,14.59587862,B,49,17,B,D,U,TRUE
6,BUD,bottom,coarse,4.742,,-3.714391018,-23.93272715,0.042730688,1.951513429,0.901111088,41.15380492,45.6700683,0.731016092,-26.53577233,0.366,0.366520408,5.20408e-4,9.011110875,0.046894504,5.204075781,1.08,1.082045455,0.002045455,411.5380492,8.417824978,20.45454848,B,49,17,B,D,U,TRUE
6,BUW,top,fine,1.554,ikke flere rødder,1570.015792,-12.92410735,0.013850328,0.596088196,0.891269473,38.35831376,43.03784087,1574.461199,-15.52715253,0.366,0.937499703,0.571499703,8.912694733,50.9360239,5714.997027,1.08,1.094148102,0.014148102,383.5831376,54.26973327,141.4810192,F,51,17,B,W,U,TRUE
6,BUW,top,coarse,4.806,,143.9801119,-22.63102671,0.094311807,2.014848213,1.96237635,41.92359995,21.36368997,148.425519,-25.23407189,0.366,0.420386512,0.054386512,19.6237635,10.67268049,543.8651196,1.08,1.083476672,0.003476672,419.2359995,14.57545883,34.76671576,F,51,17,B,W,U,TRUE
6,BUW,middle,fine,4.179,,564.5195097,-20.56490635,0.0673437,1.708129898,1.611478827,40.87413012,25.36436063,568.9649168,-23.16795152,0.366,0.573444156,0.207444156,16.11478827,33.42918645,2074.441556,1.08,1.085748281,0.005748281,408.7413012,23.49559965,57.48281269,F,51,17,B,W,U,TRUE
6,BUW,middle,coarse,4.225,,592.5880146,-17.98123433,0.075908667,1.892133659,1.796654839,44.78422862,24.9264509,597.0334217,-20.5842795,0.366,0.583643095,0.217643095,17.96654839,39.10295203,2176.430953,1.08,1.08858877,0.00858877,447.8422862,38.46414277,85.88769742,F,51,17,B,W,U,TRUE
6,BUW,bottom,fine,4.196,,2.288341742,-25.75972814,0.042669689,1.727793165,1.016913455,41.17714884,40.49228442,6.733748853,-28.36277331,0.366,0.368710818,0.002710818,10.16913455,0.275666762,27.10818315,1.08,1.080036601,3.66015e-5,411.7714884,0.150714471,0.366014829,F,51,17,B,W,U,TRUE
6,BUW,bottom,coarse,3.8,ikke flere rødder,-9.419195589,-24.86511263,0.045254282,1.772351014,1.190902169,46.64081615,39.16427174,-4.973788479,-27.4681578,0.366,0.364438622,-0.001561378,11.90902169,-0.185944815,-15.61377753,1.08,1.081020274,0.001020274,466.4081615,4.75863954,10.20273643,F,51,17,B,W,U,TRUE
6,SCD,top,fine,4.945,,191.8511974,-24.9617556,0.070044585,2.206255938,1.416472907,44.61589359,31.49787995,196.2966046,-27.56480078,0.366,0.437833222,0.071833222,14.16472907,10.17498135,718.3322245,1.08,1.080914011,9.14011e-4,446.1589359,4.077942007,9.140110573,A,53,17,S,D,C,TRUE
6,SCD,top,coarse,4.1,,28.61848225,-26.98690593,0.040983887,1.908986367,0.999607009,46.56064309,46.57894819,33.06388936,-29.58995111,0.366,0.378317608,0.012317608,9.99607009,1.231276769,123.176084,1.08,1.07868723,-0.00131277,465.6064309,-6.112343849,-13.12770495,A,53,17,S,D,C,TRUE
6,SCD,middle,fine,4.259,,514.0953455,-20.32704872,0.059707728,1.8097130829999999,1.401918948,42.4915023,30.30952848,518.5407526,-22.9300939,0.366,0.555116832,0.189116832,14.01918948,26.51264703,1891.16832,1.08,1.086009789,0.006009789,424.915023,25.53649506,60.09788707,A,53,17,S,D,C,TRUE
6,SCD,middle,coarse,4.28,,383.2563925,-23.79626831,0.042392501,1.940126461,0.990478989,45.33005749,45.7657941,387.7017996,-26.39931348,0.366,0.507530173,0.141530173,9.904789894,14.01826625,1415.301728,1.08,1.082195493,0.002195493,453.3005749,9.952182326,21.95492986,A,53,17,S,D,C,TRUE
6,SCD,bottom,fine,4.346,,-3.492145341,-25.28159055,0.05615698,1.798018212,1.292153245,41.37179503,32.01771555,0.95326177,-27.88463573,0.366,0.366601507,6.01507e-4,12.92153245,0.077723954,6.015072446,1.08,1.080562339,5.62339e-4,413.7179503,2.326496783,5.623388545,A,53,17,S,D,C,TRUE
6,SCD,bottom,coarse,4.74,,-2.835409001,-24.05839694,0.042433745,1.921192711,0.895226696,40.53149179,45.275115220000004,1.609998109,-26.66144212,0.366,0.366841156,8.41156e-4,8.952266956,0.075302541,8.411561196,1.08,1.081907279,0.001907279,405.3149179,7.730486329,19.07279004,A,53,17,S,D,C,TRUE
6,SCW,top,fine,4.152,,301.6133412,-24.91305502,0.050750082,1.906772843,1.222304484,45.92420143,37.57181785,306.0587483,-27.5161002,0.366,0.47781318,0.11181318,12.22304484,13.66697518,1118.131804,1.08,1.080967559,9.67559e-4,459.2420143,4.443438371,9.675592025,D,54,17,S,W,C,TRUE
6,SCW,top,coarse,4.531,,167.295027,-26.51423114,0.04401146,2.089366077,0.971340987,46.11269205,47.47322788,171.7404342,-29.11727632,0.366,0.428884442,0.062884442,9.713409874,6.108223597,628.8444199,1.08,1.079206974,-7.93026e-4,461.1269205,-3.656854241,-7.930255379,D,54,17,S,W,C,TRUE
6,SCW,middle,fine,4.136,,578.075588,-21.51920672,0.05485314,1.860587217,1.326236452,44.98518417,33.91942977,582.5209951,-24.12225189,0.366,0.578370138,0.21237013800000001,13.26236452,28.16530181,2123.701379,1.08,1.084699082,0.004699082,449.8518417,21.13890866,46.99082386,D,54,17,S,W,C,TRUE
6,SCW,middle,coarse,4.25,,131.2998144,-24.29427708,0.054898066,1.878803854,1.291719205,44.20714951,34.22349792,135.7452216,-26.89732225,0.366,0.415764128,0.049764128,12.91719205,6.428128041,497.6412844,1.08,1.081647924,0.001647924,442.0714951,7.285003002,16.47924167,D,54,17,S,W,C,TRUE
6,SCW,bottom,fine,4.338,,0.350981439,-26.04050032,0.047916304,1.759621745,1.104571324,40.56297245,36.72281868,4.79638855,-28.6435455,0.366,0.368003882,0.002003882,11.04571324,0.221343025,20.03881692,1.08,1.079727875,-2.72125e-4,405.6297245,-1.103819379,-2.721248746,D,54,17,S,W,C,TRUE
6,SCW,bottom,coarse,4.655,,-2.036307963,-24.40941512,0.046260796,1.894017333,0.993787242,40.68780522,40.94216899,2.409099147,-27.0124603,0.366,0.367132754,0.001132754,9.937872424,0.112571605,11.32753572,1.08,1.081521327,0.001521327,406.8780522,6.189946186,15.21327128,D,54,17,S,W,C,TRUE
6,SUD,top,fine,4.575,,299.6640377,-24.43790855,0.052906356,2.004906921,1.156423072,43.8231021,37.89538894,304.1094448,-27.04095372,0.366,0.477103443,0.111103443,11.56423072,12.84825846,1111.034427,1.08,1.081489998,0.001489998,438.231021,6.529632912,14.89997877,C,55,17,S,D,U,TRUE
6,SUD,top,coarse,4.103,,320.2826918,-24.80166444,0.043318298,1.889586152,1.05577135,46.05376923,43.62096892,324.7280989,-27.40470962,0.366,0.484610143,0.118610143,10.5577135,12.52251907,1186.101429,1.08,1.081090037,0.001090037,460.5376923,5.0200321,10.90037186,C,55,17,S,D,U,TRUE
6,SUD,middle,fine,4.424,,229.8806415,-24.41564866,0.056373134,1.826740098,1.274257097,41.29159354,32.40444462,234.3260487,-27.01869384,0.366,0.451688771,0.085688771,12.74257097,10.91895243,856.8877074,1.08,1.081514473,0.001514473,412.9159354,6.253501168,15.14473197,C,55,17,S,D,U,TRUE
6,SUD,middle,coarse,4.074,,314.807116,-25.13608017,0.039004552,1.841617525,0.957401858,45.20416113,47.21545165,319.2525231,-27.73912534,0.366,0.482616743,0.116616743,9.574018579,11.16490861,1166.167427,1.08,1.080722334,7.22334e-4,452.0416113,3.265250497,7.22334054,C,55,17,S,D,U,TRUE
6,SUD,bottom,fine,4.532,,-5.067246271,-25.99979079,0.048555367,1.822731964,1.071389394,40.2191519,37.53924774,-0.62183916,-28.60283597,0.366,0.366026734,2.67343e-5,10.71389394,0.002864289,0.267343427,1.08,1.079772638,-2.27362e-4,402.191519,-0.914431133,-2.273621123,C,55,17,S,D,U,TRUE
6,SUD,bottom,coarse,4.671,,-2.624275271,-23.70337554,0.034890971,1.86492695,0.746970055,39.92564655,53.45013002,1.821131839,-26.30642071,0.366,0.36691820000000003,9.182e-4,7.469700549,0.068586823,9.182004325,1.08,1.082297629,0.002297629,399.2564655,9.173434103,22.97629443,C,55,17,S,D,U,TRUE
6,SUW,top,fine,4.915,,118.9807652,-24.22950287,0.065882869,2.168460961,1.34044494,44.11924641,32.91388188,123.4261723,-26.83254804,0.366,0.411273021,0.045273021,13.4044494,6.068599155,452.7302073,1.08,1.081719145,0.001719145,441.1924641,7.584737366,17.19144814,G,56,17,S,W,U,TRUE
6,SUW,top,coarse,4.286,,32.62235782,-25.90657001,0.046150949,1.953934659,1.076783692,45.58876946,42.33790852,37.06776493,-28.50961519,0.366,0.379778296,0.013778296,10.76783692,1.483624483,137.7829636,1.08,1.07987514,-1.2486e-4,455.8876946,-0.569221304,-1.248599843,G,56,17,S,W,U,TRUE
6,SUW,middle,fine,4.502,,558.4608282,-19.56734133,0.067165745,1.995718208,1.491909043,44.32959147,29.71333385,562.9062353,-22.17038651,0.366,0.571242405,0.205242405,14.91909043,30.62030008,2052.424055,1.08,1.086845023,0.006845023,443.2959147,30.34370896,68.4502337,G,56,17,S,W,U,TRUE
6,SUW,middle,coarse,4.061,,214.4860656,-23.42413328,0.047304797,1.85457104,1.164855872,45.66784143,39.2047141,218.9314728,-26.02717845,0.366,0.446080416,0.080080416,11.64855872,9.328214254,800.8041579,1.08,1.082604658,0.002604658,456.6784143,11.89490907,26.04657609,G,56,17,S,W,U,TRUE
6,SUW,bottom,fine,4.519,,-5.622742031,-25.46615515,0.058506547,1.895681054,1.294679071,41.9491271,32.40117805,-1.177334921,-28.06920032,0.366,0.365824026,-1.75974e-4,12.94679071,-0.02278301,-1.759741921,1.08,1.080359401,3.59401e-4,419.491271,1.507656072,3.594010593,G,56,17,S,W,U,TRUE
6,SUW,bottom,coarse,4.593,,-6.815301281,-24.56178107,0.03948298,1.88343654,0.859633788,41.00667406,47.70249219,-2.369894171,-27.16482624,0.366,0.365388841,-6.11159e-4,8.596337881,-0.052537319,-6.111593062,1.08,1.081353797,0.001353797,410.0667406,5.551469716,13.5379663,G,56,17,S,W,U,TRUE
